10592
5880
37828
18186
28694
69902
53937
37369
93429
40798
44614
45003
14756
58475
6017
66645
54522
140
57933
54938
37526
7032
85481
80159
48268
85490
56659
96696
89990
94080
61187
13380
78815
38166
93555
19155
4192
52807
50962
14931
74442
39460
32944
77907
74726
69364
46259
23509
31955
56761
53442
44823
83667
81013
70895
28785
98667
23358
15832
97326
80005
73791
26275
64264
35842
49084
50542
40704
66080
61529
58336
15374
88739
9632
81144
5661
70229
31383
76434
67559
88841
2611
88676
35468
89143
13602
61660
22459
80538
24728
63997
94027
34223
39845
40799
48473
58749
84877
75478
10068
57549
14087
95872
60286
74008
96061
69488
20153
2486
59819
10075
81444
56049
85798
19844
35671
11128
18477
93493
75331
33307
68895
10680
54319
99224
44835
79748
30869
23991
53181
27377
44541
84205
14006
63700
8626
76879
58833
62150
72065
52695
14994
81745
47996
50873
3448
97064
48037
23512
2690
48025
71581
31837
10996
3534
30927
12650
86401
6448
91338
17820
96933
43659
14477
89539
79094
42476
64343
57826
83713
34467
73407
68936
31371
30686
89811
9707
81022
71343
23874
36770
74642
33222
9629
22136
82348
43365
16098
47118
66875
69672
45939
47056
47194
68242
40793
66463
18654
83103
99043
91472
91951
1057
24278
10989
25080
80510
83562
71683
46373
60152
75923
54328
64728
85421
76698
73754
35018
52723
40163
72222
16764
93043
62116
48067
7444
99303
39481
14545
38660
29190
54177
26583
94446
90356
11071
27043
36439
43021
51683
3907
4239
10142
49999
68424
63741
39677
98479
7235
77482
79487
56386
759
85156
61999
56926
58533
33733
49204
96359
92315
63274
21043
80729
67978
8870
37652
63722
36476
12870
38425
88592
90435
44292
13805
83817
46868
45112
69089
25776
69065
22170
73523
16346
76980
83052
76962
6531
59485
99087
70943
71531
46475
18446
99968
50675
84799
32433
8989
41007
55388
30272
48478
49897
77819
81111
75305
76606
95561
19941
95393
284
49060
29864
46520
98956
9511
47081
32652
58224
84037
37147
39274
28768
94041
89408
6082
17383
15145
86627
46274
10133
34370
5569
67031
40629
33102
68347
20911
75153
787
11904
36290
73833
81479
77607
83271
4488
48673
8128
7852
96686
33662
5131
45055
86568
54978
94517
28686
99426
73510
25073
40660
93772
95825
69822
47194
10133
24689
56618
36908
83856
92722
60950
92353
20399
26449
17078
83773
63059
28928
83745
41017
69239
79275
56216
82809
53007
59215
4707
44012
62699
36598
28204
51073
99009
36514
65749
42248
92530
86346
71845
19087
64882
42593
79907
48416
46741
39202
14443
46449
96905
25444
53745
94099
11224
66003
69946
98451
87500
30836
43432
15766
64726
65896
54613
93484
12104
86014
16916
36559
44471
551
10871
88654
8469
35148
4814
30124
28696
60251
28913
84851
45480
84286
20406
23957
37708
6417
46346
73898
4924
80989
71885
88479
23498
97581
58819
73471
70104
684
27930
75550
80414
68730
63213
52363
46371
71213
96618
53631
65066
69626
81884
15105
15689
75273
69201
45263
10729
1978
7274
92728
8844
62455
13934
80329
46136
45560
14296
92180
68482
38126
29656
71900
1424
88730
69695
18440
27568
36692
69270
94340
35958
9874
12549
84391
4107
84627
65167
31254
25364
45314
1997
52993
75371
75627
53266
34308
65710
61675
92604
31977
96819
93081
57452
37140
1361
68934
61564
699
71802
25081
80553
41790
39578
56331
60086
98051
2577
72310
75949
980
50968
57357
19061
27882
35006
91959
21427
28021
43224
23552
61602
99029
1095
75937
58396
8459
94965
88763
81317
3941
22423
76103
82816
92318
83556
27107
89953
84278
91880
58634
61182
76569
7351
88100
61502
41336
21276
58434
18019
18832
53701
79472
39447
98357
77898
40661
1472
28310
61202
27444
94834
27780
45810
78741
23506
89778
2740
194
53504
46982
5528
1059
26995
1819
20262
75596
99494
89049
99557
10580
72891
81872
77067
95060
14607
97958
87392
73941
62158
49159
4937
84120
97864
94578
98053
73519
76478
8692
66989
59085
97950
20943
50951
33907
86079
80377
25179
548
37961
50087
45282
54598
28908
70874
39490
81524
1546
680
14882
7456
19384
54546
97180
98105
96742
29962
79871
31574
62615
4653
2113
46292
21003
63623
9871
34319
76850
80616
41641
61938
19145
90380
36065
8680
47712
17646
71727
42947
46716
30866
71434
39834
77918
77208
65715
79652
54173
85342
79884
96591
61225
904
20912
40154
65352
31563
81934
80295
38995
20341
10517
22425
39353
16574
86788
92808
32646
1260
53475
93058
95276
12736
94077
60510
14713
99915
53802
41157
53799
74933
36755
56627
41001
63352
57042
37517
95073
36961
68962
12873
98082
65269
36897
44669
2109
86202
16922
48954
76148
12056
20152
9381
4518
72670
85570
4392
90030
41014
50277
96411
1367
2059
94989
99424
66826
38393
64279
3397
35342
81558
52988
4272
84201
38512
81086
71573
9389
22209
34666
57756
65631
17308
76068
57060
58511
31512
99529
33931
74286
74838
57463
49361
78098
60124
48061
38369
21870
99399
12671
58354
39895
3814
56125
4299
20961
17026
40896
98938
95270
90209
87001
4601
33437
80463
81824
50911
815
12203
13211
4385
93
44012
42016
82804
24796
49102
41384
54402
49645
64690
66416
98789
68339
19430
56122
28010
79772
23227
53568
63329
31535
77145
57437
61794
64300
56101
15363
64913
18092
39903
97715
39624
61785
50025
50122
88799
29119
15108
49267
64353
45776
12014
69128
8180
68372
47938
27881
6729
76076
49760
75508
38074
88045
91001
59260
41168
66361
15077
76998
96348
67799
95884
93306
55626
76105
77070
77259
96998
67302
88639
90559
52852
37230
57241
24054
57836
24532
70281
20275
59317
92071
21605
55027
30378
23141
27749
5824
78959
99202
48183
60800
45376
62375
18309
27089
14240
36525
99793
90531
23301
1375
781
32205
27239
82908
24143
85342
88166
83956
6546
69900
33631
500
99658
23922
40406
47415
76752
8039
43766
83012
875
47834
27395
63928
88686
63194
44375
79405
20308
41112
69313
49083
52788
41580
17546
46943
25323
42535
23241
71659
50256
62365
75257
74593
24552
83539
7685
16101
59531
98751
55882
22213
78265
6284
89092
35459
81132
75142
55498
36102
48016
24811
51720
42346
71772
64941
1242
3408
4408
59956
80904
82507
15086
1180
26849
524
31335
13242
93334
34372
89552
20889
91748
93932
46577
8666
33555
82387
12277
74932
47465
79359
24042
56539
70776
75450
80479
23444
62130
90468
17240
31042
45840
51096
50225
59380
90180
21506
90589
36239
48828
79766
5506
28327
96421
45470
79238
89237
8910
30010
27298
18434
27134
86933
54777
34091
30049
60263
29892
33050
30413
98708
70418
37227
1548
65858
81798
4712
43339
20848
11869
52816
7535
99054
80305
51420
7169
87800
19349
21889
161
14543
25340
72941
26989
12249
22398
9716
9625
12119
67987
66968
13667
97331
92879
72467
48942
60741
50120
30910
6312
49152
79673
85731
80647
29847
97903
92389
49996
94184
45043
92510
84534
10241
15878
75690
83314
72604
3760
3485
28469
32199
54952
16073
90642
6820
31255
63947
40254
2921
29794
51917
98885
51186
74341
95836
96650
27690
69839
30109
85643
83776
82917
97378
81130
12597
260
9590
67883
91219
32387
43613
69481
43680
90660
66488
16944
49753
55212
84335
8117
19087
93155
69409
61005
24137
3467
48670
47300
18976
46865
9071
69147
47352
57145
32123
61143
52113
84533
89556
24603
83186
70030
92498
69788
11312
30251
66932
70431
84460
96923
47142
81042
16706
41151
41545
74468
72854
71307
33193
56190
71039
91954
28999
19891
3056
86156
93506
60119
27267
53348
81915
26463
51957
67458
38578
91915
23922
63176
50512
78078
88972
75835
44542
11249
38029
90045
23145
55928
42050
97911
13142
20766
69310
10529
68179
51505
37291
40293
1164
20904
36459
87109
74142
92701
5060
11512
35411
94545
16148
63262
70143
55791
69928
2781
16618
19805
97549
94000
50265
75002
47457
61350
15697
38088
50969
60602
10148
84119
99277
30289
98103
21944
17857
85852
22335
40179
29836
3225
54797
6666
61247
21415
97432
38047
3039
5438
21021
47013
47460
94818
20474
78345
22110
73678
41353
71144
40748
15045
91895
30894
81012
48519
97951
98988
58110
16145
41534
30637
43879
96473
21170
56237
13617
6010
44500
55513
72761
68416
65854
77763
9901
74784
81342
67515
75004
51183
90728
72324
38312
62085
91948
37507
20784
61972
30473
58673
20944
63075
64318
69476
33600
96925
7898
54781
25508
6717
72534
56455
55712
43321
3645
51791
93436
22597
35892
1375
1491
8653
48924
78670
97905
16771
44932
99481
65901
2826
84055
84668
76548
95570
92566
33889
84039
56026
26827
73636
9659
55311
52671
83963
63998
44975
89088
50216
37006
58422
3514
91636
1655
6124
96338
10111
72348
22737
8114
55693
1956
34094
5813
52002
6532
78763
35906
62297
1556
75185
5366
7927
26025
11950
30008
49067
22189
52398
1924
98971
9456
36885
30282
64918
31245
95384
12333
4733
88122
51128
89606
84431
69089
88199
67289
20185
24703
71781
2623
13802
20043
32555
57573
39536
58957
65960
60641
32056
88263
16149
15774
47813
7427
24377
43139
85446
519
92277
63197
42482
19112
45156
56946
89071
83808
51312
11541
83565
15277
99400
84466
70155
58302
75704
78284
31547
18821
82545
66711
13528
91348
20658
84988
43211
29451
30537
32384
94069
73626
53399
98529
82881
6944
59420
91950
77898
38962
12568
323
37535
75226
2235
24317
46191
55718
88302
96692
17370
55504
50648
45977
12174
85445
53745
97213
30881
21895
25193
82542
68032
24308
28783
53982
71964
22179
62251
7086
47989
26636
69720
49280
53241
1622
42789
51087
19407
58024
62284
26574
39133
89274
99354
95209
83614
94586
86413
13838
92033
10739
65834
81355
78888
29257
40762
28411
98592
68721
99059
78218
970
84166
47928
60876
26735
95713
84433
9175
52818
19025
77247
28111
41882
10703
67304
4381
43708
82051
52076
47572
72963
84222
90690
60031
30674
75625
27864
68288
22638
71401
9958
99975
13737
53179
77570
86687
82307
97809
381
39158
97589
66048
77709
80967
36886
30893
86835
3158
97223
20529
65188
44642
88004
6257
14295
29377
17372
32848
47393
20143
94949
53841
47261
61141
32167
55329
23931
21147
95841
5277
38417
2540
51156
59627
97889
51647
91349
12696
46961
745
86313
16230
81757
27205
10257
55285
94380
82848
59485
35486
50885
6890
18834
63914
27415
20650
47028
44869
12700
33991
30912
64877
92792
68081
35470
46
70084
52330
6274
63646
44336
75154
66518
4947
91
80137
69151
89528
63704
55322
56450
69219
15302
38823
6405
75064
19832
94771
24098
16994
52455
19029
22288
11285
25237
41774
23766
91217
70429
12160
48082
98026
29479
61231
52700
47864
92726
53578
10352
2699
82145
2846
69496
84931
75252
59798
8003
32083
61152
4951
85623
28712
40938
5739
58843
72594
79821
30651
76336
73075
77737
27013
996
83233
72756
86056
97524
53895
81948
71683
51103
17760
82155
5506
68679
38741
45236
7437
80653
94610
74644
20273
86489
41480
65710
54520
110
87100
96805
24928
64883
66408
82093
21025
83077
18205
63964
78129
404
94836
98156
24196
55885
46449
36448
4544
81006
26685
21884
28683
46892
96963
73060
98116
95326
30613
58810
12473
4876
21918
63628
59750
74703
14029
99921
4657
98848
52965
13105
42505
52065
5596
64280
75798
17013
35988
53191
24527
44569
88216
32582
52463
51018
15027
26827
99657
22346
44612
33826
84400
76143
98178
57977
26796
46422
41443
12787
18901
99672
38680
71383
80624
34453
14792
23842
588
49659
750
25021
86643
17075
16554
69569
98911
19844
25908
62598
76132
71214
33329
34089
12154
65438
9483
33583
37195
9126
14898
16837
73186
72782
70302
88334
70588
14974
34112
5365
85319
69482
20222
26858
61708
97034
95929
60761
4802
86711
78714
83584
59592
34262
54258
75942
90893
69245
70013
13625
76021
12355
914
78501
76113
42392
63751
17190
33849
85506
11054
20684
41982
87843
76865
58372
61780
86276
41129
56225
19565
14126
9834
71206
85766
2641
21599
87381
77972
99025
43919
84083
54073
2553
20301
43249
66229
91796
48115
72068
36431
85991
69129
31110
59649
57936
80386
13832
75658
51665
1312
53644
21169
16484
5634
59304
83917
31612
9652
14179
58175
71689
74587
58065
97183
68884
37367
39277
38191
6057
18459
23502
68846
6462
99971
18701
18117
35626
35672
27382
71469
94283
21007
63760
10997
93734
76381
97445
63604
15149
62734
42338
84653
48018
46138
22774
47717
92369
2812
11137
99557
16057
56773
77991
12847
38561
81937
54347
57075
6221
14871
87195
47948
99529
66102
95548
68947
20534
22667
15732
48595
27662
478
62270
42897
55301
1964
72748
7243
82150
46222
13426
81691
20459
88169
85806
33265
41127
87753
15507
85269
85851
93479
33013
87129
76328
24726
55994
75698
22108
14366
11453
68903
88376
75159
79875
15630
97238
87944
75625
54124
6101
13553
23582
63328
18585
40493
76463
44569
51532
14313
19531
85511
52731
79567
13572
28295
79678
16767
98083
92082
98344
95772
15955
67580
71585
77830
22694
66561
97165
96341
97488
36573
13725
54940
28214
43309
86247
53922
25144
57248
77817
52000
31577
67202
35889
35703
71879
13808
14568
67829
54642
73164
30503
79666
58263
14829
48441
72104
624
48175
63154
74008
25779
84837
90078
58676
22270
41975
61175
75856
79278
3672
74450
48785
61727
90380
51604
20270
14874
62802
57385
56722
94811
31558
20943
27400
94068
24369
22222
77230
10444
78660
66807
92129
45282
53547
13278
54142
87448
62791
12967
98744
54814
15406
74002
15863
22258
79026
46512
45899
95316
39057
9478
56239
26839
36505
25818
29381
41102
57039
38003
40464
83240
14552
23380
76441
56175
18695
57246
11253
14728
51620
891
52782
10775
47475
26094
45398
69713
54106
63263
77552
80081
8908
133
46443
53883
33774
93149
48997
42378
88966
40281
38350
77472
30120
10540
81299
63541
59154
51183
45931
14258
51710
2610
95593
44240
29717
89291
71809
3262
85332
51246
88113
48673
10396
75490
25620
79146
38763
13507
92065
53072
64524
24284
66702
79695
26157
3693
75074
7530
52092
26390
92339
57214
9674
21871
92695
53897
98499
57131
30964
17748
32573
42089
18298
62418
60702
40247
82690
42989
30959
55443
68964
80622
20594
16080
4032
25329
48548
9184
89989
11998
70779
47205
30774
36081
30293
48711
53611
40849
42445
5106
24688
36497
29386
90748
47467
64374
94115
59606
74151
34410
97026
16455
48389
94639
19290
8795
58462
62133
62119
20135
78895
41260
58400
79749
47062
66353
17580
87864
47544
76992
36505
15839
8739
81323
72030
77054
63545
51854
96359
8020
66967
10908
5424
10831
78370
307
41248
41591
36166
66574
46279
54629
20913
52777
92682
11378
49095
60115
66237
8580
35965
91105
73827
82651
3583
63225
11758
10966
17539
33804
43742
88400
39761
88168
47178
77078
51514
83415
53684
70310
7529
84904
96944
28038
17315
71318
79307
36488
90088
16215
89128
64925
62547
66810
41851
45187
20794
23314
51637
76733
71796
28226
5101
71101
73526
57737
95775
59014
45006
83488
75205
93298
14351
1635
64641
77858
29994
44125
69890
54315
96173
50304
75465
62665
62839
78718
21305
53133
33684
21765
15083
69976
85727
50063
44642
73353
93852
30749
85740
89693
99153
13032
6752
27008
62035
33167
59657
22305
95633
32640
76205
36810
73179
80294
50030
43567
57592
94059
46118
11305
56526
30410
71459
13536
31392
8803
47664
11289
23220
45261
89383
47092
74926
50779
18902
50856
57165
75725
56228
77647
25266
95651
96891
42011
9632
99593
4577
37395
86652
72937
37567
47892
38654
90329
45670
83982
32671
49653
28586
23039
98382
29638
69491
34542
4007
29946
86125
35992
64189
15415
6380
60613
25601
85829
48803
41560
35599
68873
94313
24386
85631
27658
51270
42178
52634
56714
72396
92098
2640
11234
29003
42529
6057
15732
28551
2778
81089
31875
60889
41789
87504
81281
19596
39593
27895
11623
13947
99337
59774
8760
94521
75089
39873
90805
64079
29892
69323
5446
85494
83402
92521
70307
62234
93477
7939
34643
48990
58421
49553
98413
31268
45206
18055
79823
96788
94327
77762
96485
90386
564
9610
50024
97221
95164
57499
93447
38303
8492
22624
66072
34808
69740
80576
48360
23408
82102
52281
36827
52097
87699
60338
45756
67983
66825
1684
73316
8250
25143
86467
45302
63790
10311
3604
31632
96258
88596
22366
67666
44128
67922
88501
60864
87504
71074
93364
42284
76373
5375
50350
89604
66405
77756
72921
23460
60876
19962
89630
80078
76177
98078
83632
65273
87904
32066
22939
2646
67397
27826
14528
29850
68859
58075
42637
90774
24318
34316
91163
653
85378
93653
50628
81627
28270
99485
97524
11206
15996
73662
74207
33317
33261
71876
42780
82898
12266
39489
3100
4132
45917
42923
87179
16453
68979
84378
24341
48713
41461
38104
81524
13405
52924
42951
26454
66888
84503
47300
52061
51409
9910
47160
69181
47730
54606
53905
30409
20883
988
54543
22082
61462
5437
6441
46861
16127
74844
42359
31438
39667
49834
20718
33727
54780
32822
77715
97765
87369
42646
26345
77052
48192
20473
62769
83964
58634
76495
32008
45860
48841
56529
89119
71157
4056
86130
9622
71482
61214
58529
79539
93148
85041
59808
98636
17149
14679
88304
16096
26772
25091
71244
141
46686
57399
35839
99353
58844
90508
70648
86200
58078
44085
96491
50565
83651
67376
18248
20235
82244
33547
18626
27478
95033
5948
99817
86830
84261
24605
74664
46324
45986
36469
72734
26769
6802
7102
74284
94257
60259
58636
30558
89990
41627
48414
74920
74736
86698
94539
82405
88855
67955
22494
7215
9190
17706
75630
84121
63304
88793
64735
54946
63349
73708
61523
99541
21889
94701
31415
92475
70492
11576
5511
77499
78612
82691
61027
11822
92534
44408
37265
89231
2093
70198
70619
91408
72836
129
76970
47867
89038
10990
15886
6193
98623
40498
82712
15331
49146
73450
96918
65227
45872
36986
59471
54458
86272
83362
55873
17267
15675
84129
54508
69451
70162
9037
81550
35990
48352
65475
64965
57808
2846
14591
31156
42110
67086
27595
63470
11619
18789
10582
52620
53516
9435
70436
35676
71351
45645
62830
41450
51376
66692
79316
26311
4301
59957
55661
12819
23645
82068
41386
21957
20216
16376
71494
42453
84113
8782
87401
82705
80295
64832
74612
43479
84374
72787
47762
60367
55554
96032
19799
21264
40661
88181
89060
54292
96145
70478
2338
43301
41456
56777
33760
24442
59573
56855
65731
45900
80006
93079
16869
52973
24775
73441
19497
69973
96159
3752
20612
95415
42058
92111
27156
65374
83506
56231
67151
76748
39508
57439
42502
88394
42789
62878
1780
29243
94722
26143
41516
89885
93356
7631
47719
87857
11951
35186
37588
44422
31271
6767
96392
50874
27357
6021
56001
33808
77053
29841
85939
92755
88927
67573
41668
65596
87209
27940
10009
43426
60541
54665
91147
86441
13419
54197
39749
83412
75886
82661
72984
97404
98133
74760
35206
9020
45068
78454
51861
23992
40669
83334
85184
54968
17261
21442
89938
70400
51894
94918
78032
46988
83451
46834
8098
22311
74751
43169
47419
73992
25796
88009
44569
85691
95220
20530
98605
73106
60611
45826
35217
77918
83892
98158
99362
84349
31720
122
14982
38650
41609
18160
78917
58410
91315
43222
94531
31500
98000
40240
23721
14689
21098
47997
46413
96766
63356
79613
50121
51523
60498
8210
12620
17211
40442
3810
25355
90972
79696
37538
40254
55375
56031
69359
96150
27508
51795
48572
93143
99233
98268
26416
73492
20792
35448
30477
85139
35271
93884
59542
88079
37572
52138
87109
79040
7208
10776
39585
11339
24928
75722
57729
25104
23214
11373
58144
83212
47323
45777
30023
85749
75493
75726
63091
33082
39625
83817
9882
74829
46140
66782
6061
9339
26429
97683
23283
35826
97675
23187
74044
93388
6245
48471
8705
7261
39611
25820
34251
36385
73982
47487
48646
7923
585
21000
22064
15373
56286
26636
63342
86731
65681
24056
76107
1041
19405
20706
10205
78805
9528
45054
44526
44696
65353
6389
14527
87437
48880
83729
36227
62263
73661
30730
91778
70137
9725
95125
59908
90950
33408
4330
67591
84726
13664
87728
28056
46711
84873
44546
44913
38795
51002
87533
60525
99284
88649
36245
62810
6835
66064
40115
10754
8070
34710
22365
25098
31365
38622
24147
27749
81870
67759
20746
21412
64065
64541
34415
82193
50384
63610
48578
31642
62230
88660
64723
17099
17339
88351
95270
81149
20809
22679
66092
91668
16453
83279
88644
69245
14573
46582
99356
42670
87748
33875
24228
65839
88311
41139
46494
29830
45381
47541
29503
97838
64856
53216
11514
36794
87535
81853
32376
20624
10005
9587
86561
20527
79644
56316
38500
79949
74035
18724
12588
21565
75385
73695
97167
33087
25398
59758
65894
11367
26855
53373
65340
9153
22107
55905
66677
52775
27891
84136
26531
99926
30687
67084
56165
87395
61459
1380
4831
57817
96073
18046
42574
90283
61199
59528
58274
55757
69963
30724
90690
38867
34830
88481
30033
4419
8032
93702
2406
78477
14481
87190
36132
87079
80234
27222
50882
36474
22951
3124
2052
12694
31027
66174
97273
7462
12588
8308
75906
37724
2690
50909
52270
59608
64179
9666
94634
23847
17684
27927
26403
26834
35763
80903
31936
81428
85076
9273
78333
55356
90958
37932
17973
2179
93650
26990
82520
38730
32870
18172
43860
31073
81720
19386
26797
2044
11628
17830
94706
84895
7936
33521
97335
6364
34344
99623
18452
34059
19691
98121
6890
91929
9736
51685
47131
70863
78057
70628
34650
28662
81395
91205
89818
55493
13345
34419
46434
56083
39974
12743
39305
49772
42134
91532
21155
24870
60427
20895
99233
36804
67971
97076
8099
39351
99741
69172
77248
65726
10960
51190
33522
94298
81321
78248
92783
42109
8725
7124
20733
25605
78138
30871
99784
23499
97528
70974
26881
46317
87157
91411
75942
1684
81423
12065
53807
72236
95116
58756
79686
61497
26964
58593
32355
48998
22573
79586
93691
84778
11075
64703
20143
66187
76208
23595
49150
56902
82594
28326
53954
83660
97512
20235
84907
728
30954
38917
42228
35257
86598
75848
69201
31523
5040
38299
90153
70642
62426
10534
83882
29669
16033
16338
84299
76249
48129
94590
88990
32359
50258
71738
5215
97564
274
62733
26172
23762
32434
82255
16235
97595
51213
75340
25687
94604
74833
32937
76273
75329
99119
31458
34568
51513
67084
71768
24049
93139
41853
24946
20383
6887
51292
62299
67143
33873
51555
89685
55223
15382
46800
22782
70212
10449
21435
69950
59129
10921
86437
91420
67036
77564
70317
40575
69129
58674
68103
9018
26673
62512
93872
31675
46979
99993
7825
76367
97523
86698
54686
41004
48079
49774
58832
53845
24627
35164
65417
77634
59475
76592
66109
74699
98684
80981
67223
46190
57234
37717
35412
95323
95700
98904
2638
51742
7513
64321
44365
25270
69878
23611
30956
89848
8051
73715
20612
56704
84744
23214
41043
6850
39167
45943
13126
70958
63135
86047
30670
50377
46276
87867
67718
98618
75855
74935
6962
97805
21518
1555
10347
25413
31804
15265
55813
83583
14424
55249
20584
48860
18538
83438
11652
41475
84275
67148
82825
7606
19857
64860
42080
67580
84050
1127
53490
94039
47641
25771
74654
96484
31090
88834
2060
10887
14440
43529
61620
38345
97642
40914
94797
7217
41997
15017
60776
23456
62710
4675
55184
67068
94287
21862
91736
36711
55120
19856
46525
57485
51170
79078
33557
74436
96397
559
19751
41876
92736
18874
7581
2100
76775
44179
46665
25739
14357
38414
44183
19227
6113
49788
49089
3607
44933
48017
98752
24739
88326
59377
63080
84423
99599
60417
17064
72244
40241
54360
94047
38070
41288
86859
64209
81572
8308
64895
79445
96298
62186
52179
13812
83946
38683
10854
92944
69189
90030
44527
65838
11091
50890
270
65670
11218
23710
31465
36059
20877
40182
1080
50387
60189
7414
54493
91812
48552
29660
36327
95856
12087
75763
6039
92676
81001
27873
34740
42146
63653
85202
20061
56613
87844
77190
80342
37892
83762
72452
71
14952
79285
83237
60743
84861
68849
27298
92079
6804
9670
45784
18532
6609
27903
87074
68901
27269
53422
50571
9580
70027
2557
6462
47686
18385
2664
77203
48492
86247
15144
56168
56030
65842
87247
16037
72466
68196
10508
148
75547
24611
28658
30924
86332
80243
81189
81668
31445
1241
74422
90538
9649
86467
51526
87256
85754
51325
3797
63215
8400
7447
90092
94111
61969
81678
93106
49023
2070
8922
14734
5896
75776
10508
47562
79363
37042
50585
99209
7372
78063
48110
34525
2479
68323
23076
52797
98150
5135
86811
12983
92626
25344
21008
18752
3757
20683
34788
64193
67559
83844
56288
40315
13148
5394
24598
2011
50574
28865
81784
26078
4187
3708
82636
18853
42119
68262
23869
93658
63429
97799
99592
97340
21771
88306
89006
7885
95728
59283
46265
38176
8956
37332
34395
47449
24753
38263
11443
6569
90750
78237
56911
35135
70182
84446
64417
57245
41314
28889
61688
63667
87496
36077
12095
36383
54415
42666
12712
53606
34724
12790
59528
90922
84640
67317
43648
27563
58102
61091
97064
25810
54936
53578
61955
60533
88683
63515
88901
32390
48107
8793
34312
503
3703
2670
21530
94847
9770
11868
52986
18871
56593
51833
44340
99504
22789
78906
2981
63904
73863
53095
10296
9879
13161
28960
67440
24269
80063
45450
86195
11310
85213
23848
80413
43322
71586
75376
51198
79653
43809
61016
18667
60876
24391
97273
89116
18330
12195
34371
40111
51588
40550
31676
90613
51514
2119
21825
474
93260
93512
59199
98633
99352
6317
30427
18321
61884
94112
38452
33011
28242
33148
89420
2019
53180
65131
37598
73393
47418
19139
30910
36750
14111
11376
7599
1153
49982
10816
93646
61944
62843
64430
19060
12634
79654
34584
83189
31362
40575
1792
55503
96035
96879
12948
40164
83124
17178
27332
2195
74407
98026
17395
77973
10491
93654
84261
2029
96676
4188
8370
38495
5212
88263
12128
31419
54749
68914
81210
25460
108
358
25102
69566
22835
37994
56916
57210
42596
44757
30842
95830
3682
52600
84370
35874
40242
26332
8104
89250
90050
98907
16437
70281
5983
4166
69811
26629
92741
66760
77472
49460
35728
82
3864
17937
30152
90158
55340
36762
94947
1818
29329
17937
73497
83252
46839
3002
44477
85189
21388
97403
57676
96022
34970
12297
54938
12904
27861
21580
78314
27339
16338
82564
41109
53145
6882
97159
9327
12120
58757
97376
27836
29371
58395
97476
53642
24119
10432
48043
21730
45379
2936
83183
91226
94397
62369
49768
1021
61255
99477
44330
97454
92543
9784
55138
80566
87810
18393
93554
26860
29221
1140
23401
36293
71744
37789
55108
96879
20219
76340
99263
30411
75892
24080
89625
14546
90094
30188
12683
28240
68371
60903
73519
16852
93817
26025
18064
87622
34180
5946
85870
99608
40670
36221
9859
73193
61212
2006
13773
51599
86439
39680
20193
79660
60205
32881
9233
90965
11708
12466
83048
77726
31588
44643
29511
22105
41693
11324
76629
616
57391
42672
54317
33845
55337
87339
73655
95116
80741
22042
39853
21794
67035
8457
71405
12282
51655
29692
60997
58301
36028
56990
50440
83988
40822
80106
46365
94031
19730
42373
97683
13876
84929
93673
81975
47608
27282
27291
76259
31196
17804
87938
43158
14691
22161
23136
45292
65926
76130
93843
871
46484
31767
50586
23116
17238
38028
11496
77119
70348
42358
95481
71996
24779
61503
95046
47705
38705
72647
10111
74060
3832
18732
3155
41173
63109
655
58921
34949
64001
63471
68928
52881
7130
5515
67886
78447
73351
93749
41844
43220
92478
1155
82747
33226
79634
7754
53839
31246
22924
9404
94023
54444
69574
92664
6397
51798
62355
63041
82325
87293
58788
89480
80289
77152
72770
4293
53547
6089
42490
39780
11817
97268
98391
4127
89817
73228
601
91096
21797
64207
43348
2324
24653
89795
72200
67262
94446
75328
62167
60204
11765
49247
14908
18695
80962
15712
55568
10015
34946
23894
70385
53853
55604
79632
28025
38403
8628
475
97310
81142
79886
75449
45222
77223
88521
8836
32407
79147
21606
9964
82361
60654
23426
31018
19739
74210
58151
4692
22300
23667
4178
82586
28733
86484
29871
31420
28749
12755
17788
53081
9365
66405
62223
62398
99053
74567
18593
52501
84412
22458
41043
31737
45325
83817
45616
3907
96250
73886
74536
50536
73210
15367
48568
64835
48814
28158
60053
96683
79077
36024
82825
15752
306
69296
81801
71735
94569
60993
98224
12833
99573
61845
87073
28162
71573
18380
73948
39186
35457
29186
65932
8231
47216
76270
62523
90338
10793
63135
45039
95993
2925
22541
1806
16319
62181
70303
89828
48016
65154
8615
2079
93446
62982
75986
77650
65686
26037
68247
98736
8938
53359
1128
29243
59162
9325
73768
54052
68312
58508
5091
99092
95729
56373
31646
46787
99438
12791
31714
52828
36269
60350
59412
3962
34117
96286
78717
12999
6463
1221
26731
44777
60665
41747
57838
65840
71098
28504
51434
36826
4764
53679
74231
88990
2270
47926
5622
15090
37694
6569
53919
3515
85820
54565
21772
22195
40066
17001
8351
20293
94284
96093
77074
70948
66599
1595
43832
52793
92470
63758
86440
63041
25627
20788
71436
63937
33881
47414
36530
8211
16788
48851
83171
59807
37049
61046
92743
40009
91331
73545
52793
55960
80765
25791
54217
4537
80676
22639
63790
14162
15420
19423
15548
46014
57136
92207
16001
94704
16487
43560
21478
964
1601
12479
79866
2093
28208
34611
2201
83559
1373
25380
95712
39271
18939
33249
22416
80884
92240
33064
4912
51391
3371
88799
87683
37243
61436
45870
630
86083
88298
63066
39275
62805
86610
22168
37538
83522
64782
56190
91388
8075
97454
63299
86971
43496
97249
21875
65917
48585
12140
69349
98007
51196
98397
5004
13380
69676
87953
73204
14364
23088
21647
64230
21329
24245
47201
634
46631
58115
51291
2418
55394
46133
87507
41613
705
81869
21539
8840
49387
33416
75162
57100
62973
10117
87748
14583
90644
44447
89888
864
35951
56527
93479
33263
92599
23532
82684
84070
43844
82576
81639
35336
91116
53603
81410
75570
59660
85762
31131
16453
29525
71329
63331
66202
17955
67166
84472
80768
59797
76962
62560
94413
88329
83258
68701
86713
70084
41497
26176
38381
60568
79340
78405
1970
13732
21673
23314
33912
63383
39153
30329
93555
67887
57259
19108
31298
52616
98669
27204
58130
21849
68080
47564
65211
30494
90910
57917
29738
32962
47416
43611
63504
69676
62811
24749
6725
49582
73999
79309
66743
72445
51612
57218
1611
99436
5821
20478
73887
70858
41572
2576
14275
97721
44060
76173
40276
83420
19643
90408
24292
44955
45106
69429
76917
25448
93445
43135
84251
68195
24561
18590
96959
17983
91436
61532
8977
27237
5606
76870
3469
98506
63774
31086
92698
45218
47453
657
46292
97545
48096
98342
94321
74239
47103
25566
93884
12201
79201
85093
44556
67515
73227
72585
91946
17733
6044
65816
79544
88852
37913
80245
1263
15868
89962
78612
94351
27890
38929
3660
16235
68167
56092
30271
34365
48037
2425
24414
52371
38
97001
83683
54814
45425
89377
61717
13336
94727
92007
16881
77264
51806
23928
5847
53146
9644
86891
24022
89514
47051
9808
27699
40206
77597
68519
81441
70593
17509
57838
65073
45185
78511
89680
90772
88921
18710
69602
940
66510
61001
54338
31864
6847
56209
30798
82109
89261
51336
76687
12092
25487
12635
6323
2767
49393
28590
36140
68652
83066
20306
85052
40626
44762
1232
45396
89273
58071
41878
61047
18607
85680
55314
13662
90355
49920
58175
35134
4157
42417
6983
90061
31482
21359
64188
36673
10135
16830
30303
11720
33612
41320
29962
7790
36084
27275
7406
31293
99909
44216
40493
4510
81900
40577
97649
10676
77164
4822
69551
58849
25091
18690
45706
27441
59185
95286
98725
80294
78567
6842
96081
10428
75457
50553
16876
47019
54705
6229
82550
37182
42357
12017
44637
66214
35859
27824
52299
12548
40601
71173
21862
48334
86215
13076
79771
46157
61274
52382
76131
93154
46994
37353
42616
49365
34041
854
74334
84190
36849
95165
18492
12391
67706
12963
88470
47159
25545
18216
91193
84373
43799
84748
49984
13876
32131
54900
67809
68908
83141
34347
57932
709
86334
4897
26667
11011
11587
68417
45657
90474
27422
78277
32010
53903
8776
16567
99879
28827
17290
4846
16158
97654
91461
22
50376
7110
46205
87208
33941
66740
59027
6567
72309
87213
35426
60891
73457
41364
92180
87777
65872
56338
45209
27597
28373
43230
70571
13532
842
97898
92988
36574
98555
30095
5725
79289
74822
69025
70930
61758
77987
60307
12854
93640
6359
72909
33210
2868
58232
7680
15104
50058
10896
19021
80487
44945
66084
11235
80856
50768
21723
35900
50901
48034
34779
56764
16734
21788
75651
95796
18762
4183
55075
78002
63152
6218
12896
97314
69911
31971
12794
27378
59279
45591
40910
40127
52541
96704
55277
88725
18025
6996
56136
75771
95237
97781
74541
2787
94490
70588
20215
68099
41618
59342
53102
43121
91196
492
36211
12684
6501
15614
62736
3545
94836
64941
97006
19098
57078
98663
88203
43735
62884
93014
77862
71557
61028
5880
38344
89489
22788
20314
80938
4402
20932
18569
75635
70256
94742
85686
65840
62528
61779
92301
73225
92548
38704
43830
84086
38230
52013
67103
11151
12491
59564
39277
16830
67953
96639
69793
80464
75050
63298
25774
30160
34141
64890
66586
6975
6054
69245
11179
80028
16027
64400
19627
77766
45601
40076
85847
92552
57444
83183
90642
99867
11057
25153
16857
48163
73573
30545
7601
67582
52241
11289
96124
41211
74590
42183
59074
72427
71457
4708
44306
88061
2564
66074
94911
19208
27115
33960
59541
85178
87562
33844
51597
4500
75462
94825
17170
46046
58576
42539
27758
88416
45253
37141
16403
58416
23025
29039
2129
29342
3840
87388
20333
91349
30178
96117
86081
37303
75969
97287
39782
68263
69865
2320
27230
47373
66612
76029
93741
9735
52566
24720
66917
26709
58312
39938
70935
57847
84408
79887
45135
17838
51563
10672
61837
59757
1513
78232
60391
25151
83229
97756
23500
6655
85876
498
59458
53068
88552
9731
78960
53186
90176
42139
1293
36354
64946
97019
30977
38923
75085
33262
9380
61136
17452
485
36071
43695
63528
91268
27803
30299
46685
43466
21665
63799
64076
23954
28411
56147
26261
76110
51626
24422
79691
11720
49034
15782
33183
79376
46301
2338
93427
93520
15232
94431
54690
29074
33170
74757
16800
22352
87730
29938
49927
64388
37585
44499
39759
34565
97898
50160
84349
44994
83770
54396
17447
24901
18553
8696
41949
83399
18595
34060
29792
75338
80742
21507
67147
1427
54725
57360
80590
1940
22838
58079
41159
68218
7080
84183
36724
66549
72209
50993
13460
10749
1146
18815
98763
27946
22555
29858
10054
39099
49908
58377
31797
35476
73897
71485
32536
60777
5611
83561
91485
73074
17095
35804
20014
89140
68444
22990
61682
87572
34466
34184
49895
2361
15282
77412
23304
33035
50617
87996
6673
14248
46331
183
81914
46277
78053
90499
1793
57124
37461
85021
64207
83145
93857
53658
34453
70846
96282
87912
86647
19238
90136
24730
96483
425
47228
58402
67745
52897
28275
91848
45981
90451
86918
93502
52980
2986
62908
27461
57368
68598
51862
40448
73532
39591
38721
29107
10120
41209
19435
53210
47985
54736
36048
69776
75677
95937
68201
95268
26237
57605
46940
3822
13950
92015
116
99010
2239
18642
31588
24363
19304
3247
46551
11214
67284
77844
83124
40069
94586
79808
37990
35642
769
81943
63098
4515
62830
97238
1021
52920
51556
42004
77656
47371
80908
18026
73164
54413
38150
38489
12869
70124
74323
56476
27036
73314
3673
31544
73044
4126
79107
52641
7572
54808
9091
26321
68960
91515
28889
13509
82113
38485
30479
73686
16990
63372
75726
3108
397
69798
79558
39655
95838
85721
7706
85322
77747
43941
76253
46638
67697
6733
1019
79990
61857
67108
93950
93096
85699
24674
77036
82799
47672
91034
52798
14000
71181
64701
20474
23533
31364
44867
10100
14951
40601
31479
17801
14044
99569
21392
52441
74628
45739
1879
64505
71786
69656
75227
56668
6831
15822
87794
87356
52841
80985
41708
90609
32282
46088
66404
69027
1243
43713
13969
12333
3796
86115
46043
65918
32517
91885
39049
39123
32786
32999
9536
87442
98849
60049
81356
57064
18490
23328
90821
60027
63909
73945
6062
70827
71211
99969
99508
25542
85747
4682
38712
55552
98323
85483
93070
10104
4109
29989
82468
49205
68860
9825
79897
82766
4635
63230
82728
92136
13044
29739
6156
99490
58333
78502
47475
50112
57339
57072
6414
69203
67186
18089
18375
51234
72759
70005
63637
23628
91219
40207
64175
75842
59034
37035
70656
57208
99491
86439
79816
16565
44050
71929
78181
91614
59209
71417
23252
73340
53555
1059
5982
95534
1341
64516
86159
54303
35663
99227
62739
61109
73073
10065
42034
47592
5759
68847
86579
24673
67642
19343
36671
7351
13961
9537
22851
88475
32364
79116
57846
6004
67154
10367
68559
13875
70387
99836
50175
12605
78883
7715
46881
67145
12038
15426
96371
1141
72869
3159
40232
20921
792
68407
7406
93362
97527
86143
25659
54069
52162
9908
93093
94024
89859
17200
63779
92429
98253
28311
16593
53992
77712
87065
99646
5695
43184
62972
1309
55605
81910
13350
11303
6959
13611
75293
29020
61559
33463
77495
37733
63191
20271
45323
75000
64709
11687
80660
34208
46403
21386
3629
89558
55020
7589
56418
52945
157
9079
40744
64685
76674
51345
7110
32079
27921
46015
64372
78007
33885
17185
22877
77445
8431
5988
84384
66780
45465
89261
98926
5729
17354
58134
34833
48948
66923
77047
64741
91527
72757
20725
39113
639
47156
59353
10000
99301
99008
95064
67817
16073
3619
54303
19193
43487
21059
7383
72343
4783
99163
15492
60152
20962
52356
1668
52035
84590
97387
70959
65396
8638
53646
34597
42626
94180
25844
69666
10652
13973
61522
68510
80716
46552
37994
25726
76346
59711
56730
29043
78228
20522
4189
25308
75138
94482
24270
12704
64009
23812
24267
69439
75615
64923
51187
53373
1959
1789
35498
54136
29683
37582
67086
53662
69910
57558
84206
24647
85484
73026
43424
45397
3401
8762
14851
64613
12419
30633
17889
5809
26295
33646
32774
3043
62900
49775
23565
14746
48215
93676
60003
18776
34397
15964
54971
49022
28850
70940
38232
47763
82388
86746
90696
76869
49949
28713
33476
6946
73551
34490
29431
87492
90617
72772
10075
47024
24631
63929
31138
40449
6295
2776
1327
63494
43616
40419
62759
7527
30425
38367
36650
66190
98202
90335
66192
65245
49270
11006
53573
83572
9094
57135
82009
41081
99058
44316
8413
91678
18424
25091
50612
43371
5713
63708
56957
39228
41764
9455
23539
31965
31948
49263
9506
37052
37994
17718
91209
293
59091
99567
98763
84952
23580
84591
17104
43333
7499
89536
12807
6329
44131
37561
29940
42197
88008
88805
59312
60552
5670
50854
75716
665
24123
61877
94014
11039
98535
8204
65167
87680
90340
27291
16131
17135
1204
68900
65673
5317
80294
22625
89343
60691
42567
33887
95760
83970
92399
87317
82731
61175
71412
93605
9340
85082
37554
5215
26654
37127
78180
90507
79074
81622
97169
41768
89180
23863
66074
8313
3362
47844
12458
79144
52020
89557
82819
45298
7227
9093
46126
89779
10194
423
6574
64124
97195
56020
30136
18772
75733
21595
3321
15518
40112
73417
44649
99500
24320
2007
10593
92485
83937
35004
82062
14721
53836
39212
92535
89093
56755
45439
53818
29125
54786
75224
16125
22181
73086
45185
71664
10841
81207
76169
38210
30787
43422
60755
15373
88143
27462
19614
83269
52512
66779
24408
28532
41407
54841
4485
40110
88267
26737
81803
51340
51063
86596
86674
66716
62968
93041
15822
74988
60047
1409
32275
2143
27733
55386
7437
69999
25539
96067
25976
74745
80447
19496
342
77398
33689
76113
1078
23214
68637
71054
89893
49021
85453
15947
53847
24939
34605
71416
64039
61906
8329
53531
55671
65772
91970
10293
3024
69337
20958
28205
67223
71111
60965
57000
40974
50536
94969
78512
76351
42346
52943
49596
25658
73013
47691
79211
34202
67161
90012
28674
75670
72591
41916
99120
10217
52422
60526
33144
95473
98460
36096
56626
600
9294
11685
81209
37407
46893
48018
98279
38005
23705
6310
13461
18267
60259
79444
21038
53154
56478
52170
42856
42995
82526
67334
60958
42068
25647
415
54471
49858
74190
11783
72733
64873
69801
49437
11128
78000
39605
58453
47874
51034
8536
2697
41453
84178
24959
73188
41033
90803
37286
42571
26695
15541
18176
84929
70831
26655
79171
68874
93923
92623
61332
58643
21086
27086
96454
32003
7318
32684
65337
70162
31948
72332
77077
19428
10464
49663
88364
70639
50428
59130
40935
20093
47461
4298
86290
11687
92316
56856
16048
26812
2996
92057
6719
70561
58266
28825
79764
835
77313
88406
75586
58580
46039
61441
81501
21620
50016
41322
54235
80939
74546
53013
18678
11690
90342
97569
12312
63057
6003
68869
80692
10510
26139
6651
87370
19785
33918
24039
94612
76308
24107
52308
29756
3760
90797
18453
5613
27488
58909
76858
64157
98434
52173
98239
83760
45695
48962
74474
51880
55295
34972
68340
38673
17347
19692
16627
83608
25668
16505
48411
93956
40299
47747
86211
56504
31271
17853
51549
26285
47775
36433
71667
65007
32104
78605
50248
8794
22307
32609
20977
33072
8436
39692
11566
60891
3563
98175
96774
3553
10261
54464
24159
41273
78582
27091
76528
78725
10751
86251
83229
92520
90410
62727
7101
99587
99168
64628
44440
36943
49326
40860
3692
42168
53712
76997
26455
35763
5758
70697
26759
81732
66840
57468
30488
27060
31192
28461
3012
1107
10927
31245
14132
30562
43716
97088
53691
27467
44785
72451
36990
90041
29079
57722
34802
17465
4409
32081
95826
51317
78287
52655
50837
47246
35941
22030
80564
69905
88662
72163
10648
49780
62209
56711
49759
85047
55472
28364
82856
68490
636
17301
24965
43988
6023
61009
8232
84750
64569
69451
98277
88433
47273
15114
70653
49496
14441
66910
73274
1036
33209
9296
29965
98093
6055
53461
96948
94600
40325
18301
78753
68907
32545
51668
73891
76379
55222
44953
93032
53509
21109
44769
62382
31406
32480
56494
92414
64098
44091
20036
4697
77669
89554
73866
99423
25734
12804
74055
98527
99968
54953
46267
91821
79697
84895
59817
72115
39591
50799
40048
61525
56310
5805
17872
53962
28447
32737
65245
50982
53612
10647
12524
80238
52065
66257
31740
24395
45270
54920
11109
14945
13927
17347
2038
11618
21140
72900
56909
74583
3939
98782
42864
39969
41885
19217
26618
49999
3761
99383
25514
87252
91738
44372
62649
78487
64372
87990
84653
44800
38750
46576
69833
74405
19377
24327
78710
3137
32988
24890
13334
66209
15278
20047
43427
76141
95241
16697
82059
14261
71686
23949
84023
73893
9169
98249
42298
76850
84138
92091
64172
57198
11080
48525
61753
19241
2784
76697
53433
67217
59926
87636
4791
38205
18056
36502
31718
33815
37871
8684
42353
23816
75862
66164
81341
9815
9363
97096
59444
83200
14271
25697
57360
90273
53565
65166
32322
94068
27345
83383
31668
94243
40186
86404
77223
7763
21680
10375
51152
47101
36230
87889
22798
46440
13934
85061
83593
55001
83356
12907
7135
55908
55950
23728
57923
35660
31805
27698
26098
86077
6378
76797
31797
18744
82706
86326
69604
90754
34592
32800
59735
13100
73157
44120
69153
34607
17187
49542
74611
37806
98031
99419
2696
78123
90421
24532
66651
31424
83913
68138
74778
59776
35649
83547
31831
66794
7643
72660
90627
53498
13765
8776
70795
82692
74464
71167
5498
35221
41607
71396
2638
4820
22798
19028
50440
43320
56074
32402
82113
70751
96179
9434
36872
48905
21814
33989
20512
89635
46844
66886
90486
92943
95821
24136
56489
1098
92672
13417
71308
536
27590
65475
56036
41508
68727
70300
73140
92558
60675
59960
15331
74014
20865
77524
96373
89026
89612
75514
29009
72904
43132
527
98648
8296
89868
53050
6290
71178
26509
46563
14288
13027
95200
89632
99970
94854
58153
95884
31682
18748
67389
72287
61168
29606
10322
37248
85014
67820
2988
49591
62818
92303
81270
8649
44701
79092
51402
50701
90054
44016
14113
82260
66337
56914
28471
87760
89214
2520
12477
96773
44171
25099
20118
75179
69275
13395
88366
38518
73709
5523
43937
28424
99055
76658
52542
40121
92221
9041
90162
36481
58509
16010
74000
57917
25915
12627
54525
46168
67672
24972
41338
82495
66834
56941
72912
67890
66285
6721
85844
19485
27996
28249
22077
8508
25607
73834
68424
56367
85497
56451
7600
19963
27472
81361
25087
96868
82208
8231
41890
45048
44533
46923
35754
24597
65040
69052
20845
43998
53382
62773
75983
43513
93576
29853
65537
77158
16615
53899
88513
58896
68491
71837
91281
80108
14140
92466
51994
6831
451
33503
17905
8853
2293
85176
84667
205
706
99938
41931
17128
81255
77794
6145
8812
29366
3423
97259
72967
91831
10467
63929
39908
59012
30280
25013
47676
7575
30843
62452
21635
19350
19495
42208
94268
62829
78428
21866
58401
84204
97196
41425
47355
37638
63211
56660
92793
20767
96341
17761
37622
37676
63279
40428
27275
88352
24825
61660
52985
76018
51876
5657
70985
18370
64066
13475
25685
43770
4141
62510
52985
20783
12011
72123
76169
18641
37372
16763
4222
94022
6020
69554
10238
78842
85052
11917
32652
83373
89630
27919
86068
34430
72248
44985
91789
89134
64096
41832
90267
53585
73779
17140
14987
21862
82406
56922
78183
93024
47465
45967
79555
97588
58964
99753
19998
46702
40961
56443
24417
91346
65176
98211
80624
20676
17101
26479
49960
84532
87476
18148
86050
49979
64863
20378
10368
1894
14087
62472
92106
92392
92143
208
46770
51267
90334
37109
87007
32438
82897
77581
49738
20546
98106
21883
99929
88438
57895
43177
15061
24195
10052
67417
10484
89644
67297
79694
14543
89555
61616
57877
45542
70376
57797
25166
44621
2911
53286
17253
18588
89757
25464
59700
80092
89652
84839
55506
51360
58127
68887
74859
51401
19017
60896
37447
11216
65198
80957
8543
94879
50245
35471
91428
31345
46925
19665
1643
23382
4144
34188
15137
21925
48844
98365
58016
76304
79185
24077
75979
33318
55013
42131
87936
12723
20703
30749
42525
50170
38337
59255
55441
16365
94887
90696
66495
97286
69214
41015
52429
19817
52661
54895
85682
25857
30377
99470
35236
85346
50639
28827
78868
38067
17159
36138
46299
43596
35269
77977
69659
26024
72457
75386
98962
28933
38074
7374
33246
43499
77593
5950
98176
50694
50142
66284
76498
57491
99974
54921
50463
15937
44824
36450
51358
78872
22186
20268
73171
7745
77491
91305
39955
53276
85513
26355
99587
37057
91584
35293
52018
49376
74528
21029
14205
73769
79186
58800
53204
12848
19384
73615
71355
68855
56273
58225
50594
49846
33149
6364
94535
66028
42655
49605
5345
74278
88200
57168
89643
36248
47258
57675
20279
20125
26715
83014
87316
57979
86702
95884
50729
18292
92950
73239
1773
35067
31163
2348
19084
8460
79930
54414
28862
63543
79060
35454
18309
46766
27416
86011
24382
96250
86113
65432
14413
65834
32619
53158
18139
48089
57213
38475
77127
69684
62265
57592
86322
7032
7609
85523
66626
37542
77724
69306
47993
52953
12536
83612
63734
21172
15016
67836
45616
6526
61677
63764
76586
12608
51551
55054
46913
90386
20600
75038
65292
13518
31044
21662
11100
98283
76709
14488
66435
25945
625
87550
61209
1027
6869
91314
22399
43581
92601
50750
64388
4740
61286
67534
6376
14436
41781
45737
48014
32621
3789
88607
61736
2728
84087
57787
87719
41982
95524
72675
47775
85384
33501
53065
27982
54699
9661
19576
39806
87811
69105
14886
25093
97142
17335
60369
48487
7875
5244
84725
7699
38484
61440
33320
66525
55381
77372
85532
23242
33765
69502
96733
46343
48571
1762
94942
60739
38068
17015
39401
60001
85977
93257
32632
75182
79972
66612
32186
42246
51719
91792
1563
54975
62808
79104
45633
24009
52054
54040
40695
47335
47236
78912
95873
37878
51098
98163
848
9517
81448
62345
44853
23293
49727
67580
88458
61340
61357
50729
20813
65614
97109
53895
26677
94178
66292
35010
48918
21447
38939
83883
13270
59153
16393
88303
8933
21739
77765
24854
17211
82070
79716
90793
83577
83132
44499
87057
33536
13048
46489
58437
67425
16548
36510
44885
42053
8687
96844
26683
34039
21345
14239
49975
37797
78801
55505
62475
44718
62381
70208
7175
87807
29892
42004
51118
55440
16939
97319
5830
72651
62994
87553
68266
51808
80114
73521
74294
7262
59748
7145
87953
37099
37636
54981
87682
32026
20629
70220
85797
97331
26894
83085
472
40345
66520
8177
29172
51729
89940
91236
28180
69737
82548
20972
72918
74801
25814
74555
6709
77562
91744
94860
52333
27240
7074
49531
84485
81020
62863
55177
30818
63821
24665
99094
60210
91892
55279
14188
97832
67010
13328
62974
24165
43364
86471
77216
75333
98599
10191
61012
34080
89802
63056
50035
7209
44375
10676
18710
52689
65952
63839
80165
59509
27250
97731
37910
91801
15706
89979
19726
29546
75077
75347
66039
15266
66885
2603
15156
12287
10052
32373
96995
41654
93453
2486
8112
16918
90993
21114
14909
48604
38981
74586
17733
7928
79768
49944
89140
54525
17373
103
52014
28584
3941
33943
20395
41280
39091
92734
50424
20241
21748
36028
11966
99491
94351
5702
45237
60769
10813
55986
62899
45724
67137
29973
25079
23261
30603
49333
98063
49927
24664
70577
45678
19582
94721
56605
66338
24560
15323
91504
79574
54574
41988
7613
12790
42515
64038
80543
38579
7608
22109
51824
18810
51281
40521
78910
46194
83088
95491
90344
37510
23443
33174
83005
62421
32200
55397
86989
59703
90698
27472
98335
47335
80983
80085
9742
40004
3409
82093
76334
66895
22905
50243
63690
49060
46897
33671
41569
56016
21552
17263
23420
63446
82698
76641
94032
67549
55381
90221
64025
99743
94088
38170
29371
84235
98305
24776
80578
92700
84436
70079
19239
26347
79978
44739
21073
61949
1652
4422
57754
2848
57859
2539
45405
10630
73858
28292
35574
15473
16902
11400
54829
18534
39651
97479
24571
16975
67744
78992
45110
40704
31632
80906
26729
46364
89950
11360
23582
59636
16576
39325
27585
76553
81556
91591
12438
86700
82647
89163
82466
3144
69839
11235
58989
55364
24144
6944
57963
1371
22399
80958
40281
12822
67022
25307
96521
5049
67508
93904
3756
41774
63742
89715
73933
47526
98954
21003
55566
78277
44655
47956
10432
24275
27203
80172
76691
35163
30262
84188
92721
33659
87466
32141
49943
95182
50508
53945
56766
74637
75384
54256
58937
51135
72966
41330
26199
41000
88852
44593
41146
25905
26599
82465
16628
10279
59436
29310
60181
80659
7101
57207
25986
87989
87188
76381
92387
75179
82125
2069
34260
81228
45335
9697
85363
56069
70257
38317
85506
69770
31214
113
35531
84171
16416
77585
82339
81283
57084
85015
61631
95190
1679
67840
22023
90189
79827
31292
16855
65378
39916
34739
30064
62447
61112
13367
59753
52949
15561
65773
98538
2510
49916
34801
36829
68167
36099
85295
16148
57290
45810
68236
26156
28608
40822
51871
2480
55708
28348
53901
92151
25974
81128
55297
85218
24800
29665
61168
6058
4265
36760
90521
57547
78063
36617
31939
9235
62441
54687
27316
80915
80918
81077
60425
24305
82587
73550
5921
97381
36673
74143
12425
92835
91305
83171
33478
48917
11927
16367
91228
56541
63774
89408
22397
44638
86930
39600
54896
96724
65439
95999
31185
36901
57047
88267
39084
42802
42294
94945
13760
53545
52988
53522
68733
29936
76167
6263
5916
94781
57066
76643
74409
86555
16948
58155
40755
6147
60134
72885
4621
26766
59173
69263
43373
83818
37584
87799
92878
9270
8419
10430
10862
74632
80774
5408
6541
58585
79649
65048
9900
95262
45392
38861
26883
3200
36154
3105
66740
2590
9694
34216
79624
71467
50817
65529
14031
73891
72863
31510
10923
86050
18841
47420
3873
60810
89183
67903
66829
63502
26858
81462
57143
60833
93073
62022
12091
84955
66832
15042
60634
52431
15661
77413
24851
27917
7318
82085
51149
52972
45914
41875
98426
36740
86527
27474
56474
81312
46288
87181
81608
35117
1063
68633
18452
9264
96805
25972
62654
399
69887
73103
64074
90284
99883
39176
9882
2053
43553
17912
74593
70298
58505
62476
69026
53061
6839
43610
44577
54584
6029
46759
84571
53434
48578
67954
38942
78012
36225
58018
85248
51945
36114
13471
44017
55987
37267
27949
91954
81766
92982
58664
12483
73620
85396
65086
39089
68959
7659
30020
84217
92512
84701
96268
33201
25966
88067
55801
64453
96231
88868
7872
32914
68036
28029
78464
55034
35136
82506
17899
99631
76215
71409
21128
83426
33005
56967
85633
96849
51714
99833
7587
5151
39314
47556
69725
31584
21642
6438
56082
86861
86992
860
13635
53034
66481
22155
50328
99131
74000
56502
56260
7541
48622
56012
86971
17366
60518
68259
66595
81535
70623
52883
1061
4940
35569
86330
48767
93652
22316
98706
12915
61919
27557
26834
22238
13961
48321
74401
21767
42923
61761
83208
51154
32518
75788
91377
18500
82442
3352
68522
22574
22846
16754
96004
86220
60242
70877
22991
15865
72280
90161
49591
17387
89259
69452
56075
22149
45098
62917
68684
59548
5736
90814
98938
10896
97442
75182
12312
92707
20638
75639
40522
13131
8571
537
66781
21705
77945
75939
68532
55943
32742
53253
71245
43521
58106
5264
63207
55778
70977
75654
84129
25104
73625
23406
99878
96102
67931
58476
95060
88959
90623
55142
54461
91521
57754
73793
21234
90291
24207
56347
62553
9801
50591
19342
50711
13576
98714
57399
70687
98397
58762
96664
24491
32543
39673
45838
47736
67699
5737
77416
43900
7624
90518
86502
39196
53615
26943
23849
8789
62395
20890
25914
86958
47800
75139
3452
67188
54303
26551
64958
18637
92128
67706
527
94945
17038
25470
36280
13665
39927
82570
2839
90809
30918
13879
42929
75132
19652
78019
73761
76005
32716
91256
10165
17946
74380
88182
84548
68871
71697
87908
17120
43740
67502
58566
27882
25260
50485
42954
58016
19680
71865
61568
63258
2068
10773
50423
35192
97422
27081
81112
70642
49675
98949
51376
21782
66573
10209
83041
56224
95750
46117
45439
9538
43679
59934
5748
2017
13328
57761
36070
61825
7497
19885
29360
14189
89037
95188
64447
65152
86407
46717
37657
57504
51757
51871
49841
71598
93099
71095
44145
87694
73521
91029
13768
34875
5186
9484
86980
54451
92977
16968
99677
36122
34855
88837
82560
32748
63218
474
99782
149
21819
1522
37480
30543
55617
46226
77240
11490
8744
95013
66836
33595
77991
77447
4093
20853
25704
32399
52572
82953
94315
22424
42870
16354
77603
10928
79702
86902
13386
84361
90700
79948
77529
57491
25249
10724
18359
91042
69858
75209
63771
73102
70334
49982
96267
21211
20776
77797
10211
64388
79958
85005
80890
26290
96431
96056
88515
28958
3089
32170
15245
24682
41922
60795
20574
91532
42032
64684
62571
39580
21077
51117
71189
27136
8581
22830
41600
5167
79193
98055
37126
3721
51459
95519
29423
86698
64316
30909
50120
42263
83869
36803
17557
85816
68820
67979
4830
33972
9806
88927
34504
49549
61730
70193
16787
96614
18603
17459
84653
72274
55656
87112
73251
65329
10519
20019
25077
60269
78341
5041
54055
67891
46517
33311
81867
47316
59583
28998
41798
5268
86719
11791
11662
33523
75233
56362
20098
15686
54655
27877
75624
88331
90166
17583
62936
48216
95071
42220
12014
62659
35004
10611
42482
40647
82508
15453
30659
6738
89898
59110
24016
83655
89377
76130
24658
24107
40994
41210
16050
40396
37863
82962
22249
32943
67410
47027
55007
16516
66871
96130
75288
14500
26942
10889
49638
43249
14494
8226
52932
5770
50320
79292
69765
98292
6369
80498
27357
16541
29268
55136
6428
54588
3780
84133
71320
35057
55469
2597
46026
40650
24468
23010
92656
41486
67558
78887
1315
96432
66834
68556
1796
74514
43985
34838
79743
47378
99705
23167
54665
42688
53090
6747
34451
44334
44177
44210
18321
92758
8725
25870
912
42248
99992
69019
30266
2811
53795
89795
46436
41810
10641
77359
54010
16410
801
63079
63106
96944
67830
49706
34044
10903
12888
38890
1419
20402
65354
4024
83862
19329
78800
30857
86125
87369
12000
14081
7292
23637
67958
14203
17196
7267
54856
62977
52338
71242
99815
35300
59330
72615
54182
18703
73044
64580
81645
92143
89809
5129
33768
91555
46778
5095
2566
75891
26370
51728
19425
96030
42037
73684
46422
40408
87661
21688
71907
80104
2885
60426
64532
23650
27776
12069
68266
60398
28873
67790
109
93704
74979
47843
24396
8430
44604
79850
12977
115
75503
22153
65064
40129
97721
99732
11197
68757
40945
79691
2529
66638
5509
87203
91693
72088
76243
73996
50226
10516
40263
85421
27651
83712
76782
21963
37589
36899
89998
20514
69264
46562
36235
40490
47273
77475
17331
10920
85629
80203
54772
74166
5501
824
86648
68002
92482
70518
71560
64220
64540
19672
12977
13885
60461
93993
51813
37206
90296
68665
50794
76939
61936
37950
26535
93337
24175
74121
70519
29381
99576
18044
22764
37945
57544
62654
83688
2595
68785
19883
83674
17535
9299
48539
89708
29301
55190
5935
50362
1858
46924
80329
39294
81546
46181
86277
29890
48595
86859
12013
89568
81169
44932
67237
15135
22792
35380
20003
3113
80922
99191
71381
23624
83802
31541
1937
47728
77115
51066
17298
34739
90527
90690
72227
48061
81989
48516
46093
53801
41669
77155
53300
86399
12315
46998
63089
94219
42944
92995
14002
48854
13028
47757
85705
80019
31636
99737
68900
56869
7648
93395
86333
7132
59591
97377
31539
37592
63424
57685
60829
22946
65789
70480
16999
67725
37063
64423
82297
57243
30896
79912
38663
42160
26239
34508
45142
58093
54043
94142
14759
83620
72482
27681
8971
48235
87944
69298
5652
31771
10007
84847
56498
10300
55172
82757
24372
15627
58239
65864
67555
26561
28394
10155
77479
63503
10366
5459
74264
15733
96962
75755
57881
3792
72302
66078
10587
3661
57151
87580
82029
56921
70132
56888
12750
30259
79241
6185
65137
70846
96321
4009
58488
37819
26978
32700
42474
67152
85995
99643
98018
24015
95766
24527
11190
15353
51403
26904
19312
36758
3109
35025
89740
88085
29850
48093
18577
37876
91974
9954
4143
81646
74908
87781
1458
59921
71282
8904
43919
92605
77732
86676
78286
71545
42497
53210
70649
12407
42134
33080
84051
8059
18350
82146
9234
654
12235
95649
99458
91679
38887
448
56965
14858
97521
40869
2315
2566
12683
7866
14412
61756
45656
17289
56301
32424
13102
10483
24767
96651
26346
13517
75983
1910
47663
15796
55276
48654
81537
767
7816
56115
36122
23536
73256
97472
89378
33922
5646
46760
67068
73297
43770
17956
48012
95121
80778
75153
94933
64683
76940
76729
48823
56026
35084
82367
76057
36191
81512
88959
46777
65800
10331
76823
72606
94793
98957
11895
7285
27580
25498
82518
77080
84553
10499
15800
18740
20266
2209
75253
98067
37564
2203
35985
19577
16287
82919
61148
46803
14699
48793
55726
81850
78417
92833
51658
4027
21941
20158
99475
86669
27665
96832
65869
14024
73352
31426
21079
39712
72789
41698
60945
65378
99809
21482
19312
60998
1140
70749
17398
60694
82492
40164
94772
67948
91278
97138
58293
44492
25994
29612
16116
71827
43009
34798
89319
12672
23594
98471
25757
63796
62489
73718
29664
10561
34386
96135
45645
14099
85791
68880
40233
97841
39306
43771
87547
4221
22609
70436
37927
24346
19698
65269
23293
23331
30690
19604
85977
15801
57421
26442
45595
23465
89530
91925
55460
1176
42968
10081
14538
74896
94418
54591
93889
34894
16587
69061
62515
72242
2161
72742
18333
80347
511
73999
53957
40962
50736
44741
9683
74687
58935
15259
30608
22800
9894
96531
35848
62852
76305
90556
25274
97924
50975
4316
36248
92899
64283
50914
64117
65889
50875
96596
4467
85967
328
40112
47699
30980
56457
24813
39817
65016
59610
20554
95707
22788
45552
87586
38623
47960
55170
6680
1202
87532
71348
90218
94083
20
49842
93287
8533
66612
67635
70235
58890
28312
88073
9433
81707
49268
97064
7216
74718
17915
69857
37778
10818
1442
60754
99081
35164
88791
22802
45590
54130
24458
83313
15476
85789
33260
24619
50169
88684
45340
96468
48490
55198
33724
67311
57092
90253
42661
99916
86238
6811
99161
68526
36445
98820
87191
20136
71404
83561
35350
53235
93842
36701
85906
22118
76681
32010
9183
3539
74104
89170
67762
74517
22147
73103
32163
21437
36187
69154
76727
6369
52155
65880
12765
13268
43248
22499
48877
47026
71863
79304
9059
67387
99869
70640
98429
54875
9882
18354
80750
64916
53173
9439
57098
70316
3606
71820
13950
19131
82587
64984
45622
67988
7913
83338
99236
61465
17862
97674
87222
91631
9013
22304
80578
39270
25581
19135
81175
91548
88755
79752
73208
99426
92597
28400
96210
74062
39405
63741
61000
32413
1686
25709
96066
2692
10562
47461
83367
64130
26026
42016
2127
60254
79179
616
91145
21549
41163
47038
12531
28193
39833
58392
32846
49100
4456
80424
3755
25762
43882
33975
78808
23406
88299
68248
87497
70579
71900
57971
55205
97630
42647
70389
52330
95053
12047
61727
50380
51771
59884
56497
49592
33727
32570
69584
57158
55379
64372
29158
55221
80000
93752
68957
25582
53265
92807
24954
67085
54979
42576
59914
84044
75144
55730
92891
51120
27495
74905
75294
77074
72581
24954
48371
56930
55916
87485
44221
56744
96725
85830
70079
98413
14533
58128
79666
12626
55944
68756
59146
295
40915
94778
89293
33885
68872
82617
63968
50522
82447
75918
79068
50205
67401
28353
92779
80450
95468
35799
25890
15435
5208
65118
7662
25351
69264
82948
43094
7208
17495
26943
50146
58280
37744
57178
80621
58815
79450
65984
85810
11837
19525
98969
79328
40207
84920
29207
69384
22803
12534
32627
29412
7417
13819
53901
48499
70829
69486
19412
31697
75985
8009
39528
77592
60524
6463
48453
8267
16689
42286
91007
78675
17931
98767
53503
49210
12018
1633
48322
65595
38972
9064
311
74567
33923
72246
56885
13153
4840
60700
21144
60283
8459
89204
98726
6502
35232
65361
88559
96447
84882
80603
29449
73281
55132
17043
84403
55223
95174
67961
92276
97682
87832
99924
78115
86627
80635
39247
46253
35512
18638
56206
59286
4753
56137
97723
16032
87008
44160
35150
67948
18626
58874
89780
16374
15110
84975
74678
22209
18178
28988
22792
20692
91773
71600
69209
97654
6002
6924
38413
72501
6206
60040
932
69164
31529
70594
19140
26709
87688
52195
31612
59952
39175
28461
18395
36671
7537
92834
326
77278
43684
77200
95181
54088
6458
60667
48054
68246
61163
42607
42237
52058
45969
36937
47148
31983
38671
31108
10372
50416
79842
21853
94265
92444
33603
39756
31729
8754
7874
32888
98220
44996
80907
51357
65725
20823
45259
17966
91839
73864
4573
1396
22455
36578
88756
43502
84300
55799
27260
67047
86826
15673
55773
66121
44071
73579
67776
52121
17263
84943
92700
62656
14384
82731
23861
82296
10058
54244
53747
7789
68777
60039
34677
46156
96346
93582
52285
68888
5344
78428
28930
84552
95409
83204
55070
68109
76365
60317
38958
70476
65345
65192
81585
33914
3037
39753
43026
68129
99987
20119
90720
17180
25362
46808
71045
49952
67378
47832
74887
56242
83277
42593
18308
5407
39058
55239
74671
59882
92644
27987
87450
37599
