Location of the first input file: 100-1.txt
Location of the second input file: 100-2.txt
Dimension of the matrices is 100
Resulting matrix is:
0 -1610612736 0 -1610612736 263469 240409 276706 252805 261318 246299 254213 260450 281252 224411 259566 293341 292692 302841 259102 265123 242659 289773 266099 285833 224158 274201 289736 271270 289056 244693 253929 277502 264541 244672 279659 262534 259762 294265 291506 292212 277648 261681 255077 279779 285866 226044 275869 270512 293846 281760 249336 266241 295953 282595 298522 302366 275202 266782 289650 283992 258642 265402 288963 280541 256689 312596 280658 270197 277885 270116 258360 273029 272056 272926 250127 285306 290926 250669 277400 251931 260250 261718 291119 252527 248524 271251 286745 271980 262614 276946 250618 281465 299501 286761 278540 289153 262311 274534 262756 1640658 
220294 231151 249988 254282 247888 228676 234918 223909 263021 226989 233340 242230 233850 197736 233015 252840 258346 250531 248014 241705 231695 234582 254390 244716 208877 259148 258380 254045 248803 203572 237738 247764 226548 232423 266786 236421 218619 259783 261297 257754 236001 239547 241966 233311 243867 216085 249605 229259 260105 239042 227583 254223 262597 262289 277441 259282 248410 239740 264699 245197 253562 259916 244896 235184 241175 275458 247414 258128 253330 223118 224732 246667 250237 239217 233608 258951 266943 234631 247642 203707 246985 239634 249425 225069 234734 262100 238506 236833 201617 260855 244490 270571 262036 266763 243183 248719 254857 255608 243777 3341643 
247192 236634 245110 276539 260398 244141 252165 238527 256682 232276 229255 251203 262301 206174 239251 270749 263145 270743 241598 228262 269835 292430 262797 270978 232696 261393 274624 269847 272993 228058 234105 250217 258024 243573 281409 246315 256148 271117 266895 271923 257174 253349 265137 270136 254310 239010 268236 264337 270801 256054 251252 263058 270749 293890 283407 275541 257135 269912 261482 258674 253150 247409 267585 260501 253490 303372 261699 249732 247401 271591 237106 253168 269752 243143 237252 259847 279408 243359 267884 247202 259915 247161 256264 248160 237136 249537 265808 261884 248192 258059 228724 252216 271395 266535 261970 276220 276230 250920 246572 4922311 
266200 292831 270728 301144 295207 258490 289534 285867 296671 263265 259810 280776 291667 235676 283101 305520 307499 324483 304388 290560 280628 311109 275507 296005 262990 312276 309401 317270 290618 245667 282666 294449 265939 260639 307492 285610 274746 303064 303853 305104 288020 283892 268329 290760 286530 255234 271750 292546 318356 295562 269831 297259 311748 298086 306846 310101 300243 287902 320767 286328 296829 287859 288772 293050 270492 329438 290871 296978 298193 261352 270482 294353 299319 282647 271332 290314 296415 280243 310505 268896 288311 291749 300384 270416 260021 296099 285217 280510 262333 285136 279262 283530 319524 302851 288551 317256 307781 289524 276311 6596996 
245852 248777 277850 267781 265277 257735 275656 259851 277129 245974 250417 257486 283731 211789 260155 285129 269232 295391 283725 255731 260182 283235 252953 267636 250363 285365 273553 283225 289853 257308 239487 272366 273787 256376 287961 263108 271611 296285 298328 298890 265028 279127 264790 271778 277644 233750 280139 289448 292271 282965 254445 265968 287517 293213 290092 292248 271964 271543 288831 267761 266438 270482 283677 261273 274603 314854 276516 257146 278752 246828 255547 295431 280421 265446 248780 272212 290667 259010 268409 261415 278763 249487 294588 259326 265123 260567 281951 267863 261314 284933 242448 295708 287228 292627 282303 302050 277153 264418 259411 8212817 
217093 217256 222232 229704 240801 221870 238479 220873 226619 218139 208068 229869 243177 177824 224981 258543 248049 261223 256109 234193 223556 250386 230684 233521 206746 245861 237433 242525 253353 214179 214330 226467 229503 231738 241782 220566 224690 253397 244062 244149 235338 225534 226841 255945 214446 207628 238174 237385 247761 245218 228546 226538 254254 256018 252458 263748 235122 236650 263253 229736 232643 231371 245513 231509 233127 274932 240566 230095 246624 233043 226534 236070 252688 221152 220806 243524 250891 218385 237111 210560 228959 212882 241973 222903 230723 227005 223159 229454 220770 230637 217387 242264 250449 260064 248280 256005 254825 235927 219942 9866361 
244548 258650 263519 273220 270051 259204 251631 270830 263133 258438 239625 256382 277458 214739 259725 291726 267479 288451 265342 257698 255134 291301 249212 281266 258898 273516 291557 267610 285551 242726 262242 271116 250609 239572 271531 265726 264343 286261 290870 282838 272876 242939 267401 268379 256370 241650 264801 252576 272470 258085 260330 271865 291339 278752 295768 283739 269955 284475 300644 264038 256818 266593 262854 261163 268466 296265 267616 287660 282202 261009 260206 254205 293359 265157 248283 273922 289244 248230 273365 234288 255229 253757 259208 261718 254064 267225 266135 281977 242154 284979 259121 275686 286425 274781 272219 268082 266132 273798 261089 11484881 
216561 226769 231472 248603 265052 222058 246263 225341 256451 219394 214260 233014 256245 219829 243556 274106 254084 262868 233285 215521 233180 248612 233257 244786 205065 247846 245277 266196 253465 213487 224079 237606 246434 226258 252847 232554 235595 258342 255465 264436 244789 248113 235968 266751 248740 213963 248030 255308 267670 246711 223609 229218 263683 269771 255593 268680 235079 238906 264762 255787 238905 241867 256626 241063 233080 266609 249415 249877 252121 238375 239442 254892 247999 238167 215489 253114 261038 218413 252333 229757 241281 236467 245305 236208 224306 240727 243754 252405 233197 245974 224383 250743 254893 264460 243514 251133 256675 236960 238446 13108636 
238266 260933 254121 276025 260997 248713 266649 264769 276630 242172 230485 254479 276896 213690 262411 279204 279167 279823 263277 250157 259584 284397 256761 266759 231290 252245 271441 277032 274619 223720 255219 273215 256130 240881 269332 260347 260240 275774 272407 299988 279305 261940 249281 274046 260810 236941 261028 259017 300528 275559 242859 270226 290871 290741 267548 288808 262242 255320 277841 276998 270425 263187 260881 264068 245220 291549 273140 258006 268419 234098 236899 281433 275396 239663 236810 273286 274791 261916 262407 243508 262834 255399 281560 240241 242216 268020 266808 259024 242286 264257 249782 259325 276333 282094 261710 276004 280666 263262 254807 14768991 
267793 261434 281703 297012 296820 288534 276552 279488 291448 290061 266243 272665 297183 234952 285137 306129 292336 305746 290704 286727 283731 293578 276444 295984 259628 303096 291709 294089 309683 271368 267901 288216 275790 288936 291818 291723 273117 304993 318768 307940 295678 290029 264205 283331 284834 261346 283882 287808 301787 296054 284390 271832 334423 305651 306196 301028 284152 295265 296305 286761 289195 277374 287938 278557 284870 328891 284421 284914 290515 274139 289462 285306 300649 267049 267961 304709 316820 259051 292267 267152 301609 279396 285461 268932 269912 282650 299645 297135 267482 295295 276518 304212 304859 309937 294367 299796 293584 292639 293849 16429852 
244776 262236 241934 272674 259623 240243 267643 257362 279255 240355 240969 240375 284108 224297 263174 271186 271311 298739 258787 246424 247495 271787 256677 287337 234491 266508 281001 276670 287585 245781 259689 269820 257319 243264 284101 249399 272112 284212 285251 293295 260162 274386 269850 272676 266965 242996 259997 259005 293302 270846 250843 275356 290188 270339 288343 286419 260823 285221 274719 281805 254748 268777 272754 264441 256184 305465 272635 253857 277678 248667 239603 269254 287602 265934 255177 272946 276310 245201 265560 247459 267661 277986 275199 251443 256081 274987 280753 258395 253692 265668 252101 287633 277158 265292 285915 290187 273763 272680 247720 18054490 
257275 245346 278310 268346 283418 252111 258466 257393 272746 257966 244174 247279 272901 208770 259564 288936 273477 286150 269037 268964 257513 280910 262229 267478 239161 277404 262163 271303 287409 250743 256955 268360 254695 247631 284029 261365 257967 288021 283095 288461 269755 266295 272336 262053 260313 246710 263941 260288 267947 259932 262941 275066 292680 281098 303472 300473 263506 269719 274501 284838 262824 264521 270955 255054 265428 305278 257786 271541 291046 252021 258010 268932 276490 250655 256306 286573 290543 239764 271977 244360 271502 249813 263872 245908 266470 263377 278815 263482 251957 270640 262180 295164 271702 285489 269079 281951 279253 264166 260165 19679058 
224972 228519 242573 248198 265289 238273 252920 248580 245880 240595 233215 245331 250346 197469 237008 248984 262622 257504 267150 248228 227273 257914 245448 241746 219838 260687 254082 253843 260270 218081 250891 247310 251219 225040 263522 233975 255034 256804 254114 271314 251080 238352 246518 272933 252437 219392 237958 264579 274958 251094 235572 249160 281670 264400 250828 270764 252290 253416 277883 250323 246723 241138 263753 244773 246008 281204 242967 258658 254940 228584 222599 257180 266764 234584 250414 258784 267945 229999 263243 233428 253842 238701 259187 216296 240588 246192 249411 232801 225924 236376 235869 259390 260528 279096 259366 289625 270477 254013 246427 21360053 
227083 232109 224183 244846 239569 206479 224788 227711 234040 220065 210346 239985 235308 197347 241025 257403 243760 259479 225010 237209 242142 248477 254032 245134 205741 241621 249890 251472 270552 219419 215865 253703 227594 214964 252156 236639 226945 257171 250458 245974 234533 243267 227961 247467 233910 219103 219326 241669 244107 240313 217817 259812 243396 241022 257040 242404 254656 253846 238603 257015 251894 214987 231424 227738 228439 266180 248891 240086 247816 218287 215105 245785 253737 228504 228549 241161 256836 227066 231875 229973 233472 235563 259938 218469 219606 238222 227435 227678 224000 235519 204783 243632 255291 246175 236287 241663 254429 235311 226283 22980301 
226617 225531 232765 265348 257540 229781 249554 233043 242684 219429 228938 240789 239774 186583 233347 247677 270703 265565 253111 251499 237214 258244 240177 244971 201122 253139 253383 259425 262670 218064 239533 250965 232027 226453 258448 229334 224414 253948 252422 264326 250576 242708 243770 245961 235335 211741 250715 239673 278362 246947 230687 246311 268069 246796 246869 252161 245910 253023 264841 266979 257462 240535 243825 253927 251738 282583 254543 253141 250558 230044 225319 249677 260977 238273 222928 260398 268121 220274 244243 224276 238348 245070 242822 233593 236945 247374 256394 233912 217494 235395 232885 255093 262867 259279 242517 261244 249274 248461 246810 24634540 
246969 240366 239301 256873 258460 241372 248671 237150 261310 235488 241264 243694 254262 198567 236421 267145 258368 267398 258817 238939 230918 273830 253238 263532 241412 268626 260697 253355 267437 223389 236750 253707 244428 239810 252222 262343 235861 269656 265422 273488 243244 253576 255080 238555 238771 232665 252005 248465 264343 248260 252139 250157 275230 280670 263275 261195 242299 262560 282522 237178 253431 242143 259113 236835 245916 283852 264196 263612 251053 241962 230585 248056 282829 244132 233920 260418 261723 241710 246739 228590 255767 233360 260424 241821 229760 254822 256027 245586 234676 262441 236345 247455 280027 267145 257473 271594 261759 256964 255019 26215056 
239755 240679 255445 273000 273659 245875 262742 259945 263465 249084 230336 255402 265096 215600 251325 282041 273854 273353 254339 270846 247746 272834 253567 262176 236658 274387 274479 273457 285016 239380 239395 254802 252860 249347 269839 247709 248707 300449 281394 276852 257751 271425 242326 263615 264770 238178 258993 254068 282615 259974 252384 266196 277701 265096 267211 270233 265244 264796 276445 264783 256111 247769 269718 256303 246594 284655 245036 263282 273531 247302 252675 253950 270173 249375 248901 280606 290465 242405 260149 242338 258467 263138 264555 247465 253370 247720 273381 260539 245306 257321 243050 274822 278141 278099 264509 264264 280425 254106 252026 27880319 
225518 234877 228635 245502 254246 213889 237600 246795 243591 225302 226460 235753 258033 210814 231675 279629 263261 272904 252114 243146 256873 247424 255172 236450 212898 268017 247372 275573 280733 211994 240822 256946 247508 239578 264342 245107 214322 270302 273984 271320 263471 267308 240498 252938 232380 220036 250825 261600 266634 251095 245301 249144 263636 269500 272483 267642 265009 243589 257684 257907 250788 242828 246322 242600 255034 281652 268951 239735 262558 227952 243347 251494 252207 242897 235327 277553 258871 228396 255560 221797 244305 248426 268761 250487 247214 249653 255134 246514 221756 256619 217505 253919 268252 245827 257872 243427 254801 238442 243857 29553356 
239873 236716 242907 259083 234367 224707 244257 244037 244446 229802 224387 223520 266126 196719 229435 257081 246990 268857 245692 230209 243473 245313 240726 244735 209307 251606 247832 262107 271916 223135 224115 262699 233800 219528 253479 256743 253453 262968 272911 268068 243542 247554 244746 234953 234164 237248 225480 253443 251983 237832 234511 254955 257059 258376 277093 266587 240084 257224 259634 243139 255542 242291 268369 239629 253821 291879 247268 249509 250743 222898 233941 249286 259089 232204 229045 255716 254781 221195 255068 229258 254558 232131 258663 228300 230420 251345 246525 258996 219616 239451 226626 258656 263078 257293 259135 270806 249223 247847 237592 31170396 
248970 252319 252659 267945 263332 226734 261541 258476 257897 244106 246376 271836 268922 208470 238919 268836 274989 294391 267171 261058 253523 285245 250126 276236 239752 264408 276180 260967 279633 236894 249395 254546 262053 253178 279910 244269 268835 273903 291066 284994 256787 273710 267495 284698 252740 242275 266314 258456 288178 266628 254462 268642 282678 277319 287810 281868 268434 264301 287956 275512 259115 259115 273321 267059 247082 310970 273342 258984 272582 260690 244890 257978 281736 253012 240495 268338 279901 246389 263052 248838 271965 268299 263202 231636 264606 249611 271239 262212 262110 272924 244898 275552 291501 275636 268940 287136 273583 271054 244559 32794857 
256685 249105 252203 275602 287347 228110 267171 249915 259832 244000 243893 258401 269513 231018 259896 271311 271960 300923 282431 234623 252834 302567 281133 283030 241656 282825 278566 273448 288907 230090 271101 272275 272639 241090 276766 255518 260411 283016 285379 286701 267696 284267 259414 285448 260173 240709 265056 266374 289501 272691 267513 264725 294125 293340 291187 302279 272356 279335 282565 276306 272264 263853 269320 269649 260136 301815 272098 266363 274377 242815 243919 284815 288825 252220 252532 279313 275531 250413 271310 261586 273232 269386 279351 252456 238857 274655 273048 255127 250071 271318 245578 259572 286055 277335 282410 296993 282088 261130 250732 34416685 
0 -1610612736 0 -1610612736 262169 252485 260572 257406 273596 244519 236993 266688 257899 218895 256044 286345 278346 274750 249270 251734 259556 281875 261678 271164 231458 262099 268484 276306 287835 252953 243964 258678 270107 246102 272738 258317 258535 279552 278190 282156 251494 268396 267886 254200 263745 236357 268269 244796 278528 266685 258275 277515 285174 279429 289054 277930 272849 272634 279250 270452 259484 252649 289360 269273 256152 293242 269404 267027 281293 259200 255953 261709 285053 264141 256928 272593 289617 254202 261181 242538 274468 259642 273768 259578 252502 253410 267359 279997 251536 272602 248755 290022 274475 274066 262603 277012 282812 267029 257939 1639960 
0 -1610612736 0 -1610612736 196758 228074 249126 234244 259664 232352 225732 249515 248154 221087 246515 257859 258854 265353 253487 242377 246240 283845 245530 258661 230873 273605 253922 262381 246430 230519 245587 245412 242758 231436 253383 248452 239599 274493 272381 258937 236465 262376 237250 247036 261376 210225 261517 241742 266835 252628 229386 253424 277553 264038 269929 281835 246884 249985 261494 256285 251815 248748 247571 247718 230645 276880 243609 251923 269876 224991 234667 260821 270344 250058 235023 249233 271827 230279 259797 230607 254108 247829 263884 250078 237397 246547 239085 236300 233460 260112 239523 260118 269103 262900 266817 261605 267396 251712 244840 1696984 
229922 234692 244818 247123 262835 228848 253370 254495 255098 244299 222432 245995 250174 211530 235806 253787 262408 280824 261097 255724 251847 259858 249587 249635 216624 266077 254794 261641 274327 222509 262205 244880 229624 231529 262263 242393 231409 261904 264992 274959 249771 261685 237476 247858 231032 224254 234630 243925 267993 241839 235080 258587 273896 241467 264993 252074 249610 265731 256595 252155 263431 249031 256211 233501 255489 278265 247175 251301 268262 216865 237938 235129 255130 235568 231973 259747 272575 218589 255502 226660 259915 247202 267385 219283 244752 242463 250506 242454 229668 241582 247400 258541 259429 269516 268809 267822 272509 251186 237928 3338792 
240446 240844 247670 262034 254320 229360 254607 251697 256887 223207 230677 255555 270150 217076 250085 283272 271624 280788 256449 245565 250219 271080 251871 252632 220510 262872 265707 278967 272551 224729 241507 254620 250153 237808 277277 258832 253958 281917 263509 285257 263761 260601 263508 252875 257622 227509 256648 262419 271418 250602 244292 250695 277570 287588 278179 270284 248496 248863 277941 269428 266417 259237 273229 255971 246647 302005 267793 256360 252754 262300 248593 261941 278266 242668 223403 276535 277028 235095 259935 224109 252047 245580 252338 261688 245788 256659 275021 266328 236340 266844 256853 250543 274778 264461 255365 272444 270270 268027 256343 4919569 
239476 246213 242305 275053 269718 246770 251035 246931 261473 231526 237663 241140 268835 216480 270631 286837 272063 284168 271547 249425 267449 277123 256382 267946 239462 288109 270927 286586 269819 235101 246996 264183 249390 236064 280563 252472 240881 278596 271534 287867 275797 260099 231855 261617 265058 234069 260304 269873 285115 253677 255787 260131 288152 274433 276885 284853 253539 266033 277792 274467 269260 272998 264355 265720 258318 299531 262083 274623 257742 233508 245705 265606 273844 263252 233771 272308 265544 235088 261175 251317 267007 242006 271146 240055 251292 269695 270463 264872 231387 260703 246428 261106 288036 272864 266883 284127 263029 256366 249438 6571442 
226194 242890 271416 259998 265231 238252 246358 250598 259908 218127 234152 250200 265885 205092 242509 270523 251684 267226 254838 241585 263976 269436 274175 251126 232378 269311 266538 271853 266650 231602 249489 265332 242247 231678 276080 255285 249708 257046 276766 284882 261370 260426 269531 253082 247017 223929 260800 256238 267130 257357 251327 282733 281509 290273 286916 277886 261735 269483 263429 260662 263135 246536 255654 240136 254283 290071 269752 254296 250358 225973 235631 276639 270171 252689 246635 265190 275355 233365 264185 230550 257760 246509 269131 255836 256774 256439 257868 250066 225090 262245 228489 272239 258300 280388 255039 276958 269361 244568 253510 8203740 
226065 247919 252166 268493 272524 236760 254081 247506 267073 237622 232308 243377 261165 218816 230515 291860 260031 298510 255756 253597 248414 286814 259248 258529 232723 282389 272672 276920 285781 233146 256352 248966 251846 241390 281765 235176 254520 272513 273834 273019 256378 261537 248023 262801 253324 221404 244721 255144 265648 262490 247007 266110 276798 273114 278491 277278 271403 267611 272745 267073 250163 258113 265773 235088 236519 275085 253576 253611 288876 228846 250980 257086 266305 268903 245409 270665 273087 247208 268914 244913 251702 255021 277538 236510 249311 263280 263226 257349 232601 261087 233857 267127 268572 272114 283446 270381 265680 249647 249947 9841013 
0 -1610612736 0 -1610612736 197608 231704 232808 233981 245615 236142 218846 258658 234039 209868 241339 263023 251349 260952 239098 238291 237109 254855 241422 260561 206720 238598 273640 259277 244503 213525 235206 246888 244968 216127 250497 246262 225621 270900 279586 255178 243038 255591 234489 262559 241637 227720 235992 250517 259431 242665 246700 247559 276017 256047 274177 251406 254857 258474 266580 254354 256773 233800 232971 247981 246523 280042 276348 254684 252706 225622 235982 244797 256605 243643 243985 256396 259068 236174 249148 224963 249900 236970 255437 245803 233836 235941 244965 256615 222738 238841 228740 262918 275115 251315 242278 252783 250753 246560 238491 1702948 
249566 254197 248006 256082 264976 246353 260096 255659 264642 244170 231705 257382 266148 219779 256278 260925 271838 279402 269022 252391 262844 284754 256706 274750 226750 269153 283868 272833 289319 237664 258540 257052 265404 257080 286921 259277 245063 272589 287443 282199 267643 269302 253857 270791 255322 239770 264038 257440 292869 255323 248019 265059 286494 274853 284596 279454 276127 261771 272446 275610 266953 268690 261690 262811 273444 294324 278218 252256 275482 245247 252501 241423 273958 246712 257014 279369 285339 239871 263364 242941 275230 280366 271927 235146 250970 262285 271286 263618 249592 287833 265791 276341 291907 271502 277180 275512 271317 272838 246909 3287901 
242089 233617 249910 288311 266815 228870 260316 265994 264385 227100 247607 256088 258209 218630 244392 267502 269113 295698 267291 258081 268223 279452 265177 263574 241436 273445 273186 264225 280318 239995 260973 265690 246035 233836 288985 265678 244299 281641 278385 282191 258477 261289 261539 245338 248910 231443 263588 267190 268102 258983 262346 285823 289770 289092 277096 280656 260457 278949 276268 282300 255800 264408 266465 259772 267349 299521 272270 256999 279252 251018 258644 267646 284718 260188 231307 249641 288145 241882 263727 251312 257437 249643 268568 245948 269546 260276 256210 260646 236876 252334 234539 283046 275622 265745 265640 278678 271590 263699 245770 4926994 
254047 231298 247634 267451 253987 255541 246783 260822 245565 240336 238365 240756 255905 214869 237576 275215 258274 272152 249034 251687 236389 286397 256994 262487 233200 266009 268332 261013 270261 234053 234104 237862 249056 243881 259475 257193 239293 272426 270995 270672 266306 273306 240401 249260 249420 227959 246599 247913 275735 249611 236665 257669 278111 256464 252053 265851 236389 258672 261030 253787 267415 249718 250753 245616 260706 282694 258888 250621 269358 236853 229523 256726 264957 237204 232360 251903 274262 226185 261895 231458 247467 258150 267736 231289 246404 245464 255363 242301 244128 249663 243433 265054 279905 258899 261311 263812 259838 242937 256705 6617660 
220598 209859 219666 234863 228405 215626 212667 201164 233027 225216 210518 218822 224645 173404 216892 234969 253926 228717 217062 222700 216845 245213 219279 227843 213043 238983 240413 222764 240201 206496 216858 225252 212098 221799 237497 223934 220137 240969 242727 215288 222239 222014 237611 229660 219177 209902 234684 218222 239986 225817 218172 237501 240514 255111 254887 230896 221141 228083 236935 230122 218582 221124 238816 225114 245701 259065 246844 241556 230859 228705 204202 223799 252641 213937 213958 241797 245660 216295 233746 200324 223437 214302 241179 223724 215725 223478 218423 222140 212559 221262 211933 224757 241491 243984 226480 225844 243262 219267 225830 8222880 
238187 254283 258046 264641 265321 244832 254816 251528 275261 227191 223610 261985 249476 228365 246615 289481 263826 283440 267012 238265 256705 275661 264173 249740 227064 277353 280314 287076 260434 233686 261973 271320 252554 253431 291079 247948 246561 278982 277681 293320 258738 260257 243664 258647 267727 231346 279887 260585 273901 266879 243832 250972 291464 294524 272306 292498 272371 258533 287032 267637 266397 276948 269462 260050 246920 294784 270887 254712 275609 243621 247017 277901 279325 258033 237595 270227 271353 250145 260761 247749 264072 252053 272602 254941 252591 262666 259305 251940 255018 270189 241677 273779 287471 276961 276181 287781 275757 260025 250396 9845412 
245711 241191 248804 265848 263568 259973 253091 257889 269752 258994 255726 256002 272683 206164 255729 285051 267489 283020 267261 247980 245468 286006 250718 271303 249749 276083 273829 264158 289597 249369 263821 265128 256844 235916 261357 272423 250496 284880 292075 285324 265139 254044 252513 269682 278506 241911 258297 266873 274426 283202 268186 264807 278807 284843 314949 301460 271843 259350 278173 262000 268266 266484 271353 255880 278273 290496 281690 253349 276870 245787 250797 264460 289164 247682 257213 279194 279123 245508 273099 240901 285242 253764 280949 244399 250534 270286 256385 261953 250263 279270 248382 264118 295901 284668 280965 271900 281519 265012 276812 11471665 
249645 242769 254425 266554 267482 252127 253605 257315 250195 254844 239231 249857 267027 227280 257307 278954 285303 289225 256867 246875 272862 277655 269792 269794 225525 269076 275268 273599 279169 243482 249368 280932 259203 235876 273930 249421 251235 282796 273467 287274 267868 267740 240080 268465 258606 246545 262590 260021 276475 264917 265058 263074 293357 281275 293913 288975 266756 269291 262049 276428 273462 253618 270527 255515 262416 302922 267205 267673 254501 262478 245242 256624 270722 243342 234831 279511 275007 255237 264901 239111 263937 249770 280094 248653 246165 260560 276460 271961 241516 259730 257756 266375 286224 279202 271486 284633 274434 252439 256193 13113962 
216181 230145 228927 250712 241840 240831 252280 228542 244693 231850 220258 245887 263913 211009 253313 267832 241738 257769 237914 235239 210480 258587 234223 260401 207138 256568 241721 254268 262447 215895 234124 247942 234802 209286 233629 228151 231195 272916 264401 274612 250510 240355 234505 234931 251156 209894 231696 231556 268351 240902 234655 235360 259804 253519 260301 284135 236482 256075 272224 242019 238937 236505 253864 255376 245424 273180 235815 237530 247238 228704 217177 251525 264708 239852 226158 254792 250676 214220 244763 227847 241078 225712 262538 228128 219922 239486 260672 244642 230716 240809 238147 255068 254779 255645 255307 269486 254165 255138 240758 14799106 
223307 222128 245902 271637 259717 247614 255153 250857 256451 232240 221781 242929 256761 209960 258130 268524 265463 262128 255082 236111 252647 253379 242798 248314 217131 240760 261047 278548 264869 241084 245415 244517 245419 239336 284038 246545 245594 274325 270257 277340 259902 247109 256404 252439 256345 224712 259940 262316 272549 239728 244484 252142 274102 271509 272928 268320 256032 246192 269502 256617 247047 268530 267498 251726 254569 285723 246655 249592 264149 235656 249468 265467 260438 249017 237575 256368 273078 232050 255767 232908 250793 241542 249853 236021 249853 250319 254820 261851 224091 238917 228527 262357 255680 272238 244143 267879 260270 253916 249708 16448328 
252033 259340 256047 269643 270356 246448 262992 254706 268115 248334 246474 273683 280391 228773 271683 299587 263041 291520 270131 245093 269739 294590 277642 278745 241070 277848 268852 281790 296975 249655 249389 279457 261812 232085 277656 257767 254591 298986 297560 295757 281332 285554 265277 268165 267931 242667 268860 279745 280919 271074 273029 274379 285088 294664 302812 298576 262038 293385 287345 287006 292445 254370 261759 248787 282788 299899 283599 267347 268611 241885 241818 279314 298189 276201 257859 297963 279405 231772 266069 235788 270799 242042 290543 271934 264484 278328 281859 251446 244279 278480 249576 273955 269361 288804 283233 280469 282348 255558 267131 18034839 
217431 232443 226407 246054 241279 225030 228064 231989 232986 234238 224576 223698 254938 207134 229967 257913 260157 266560 242504 234614 223525 252967 224608 249069 215633 242173 255757 258112 239854 219343 219301 233100 241713 230872 249098 224477 232595 271177 263565 262869 246027 247727 217563 254733 246233 215418 234640 253982 266741 243805 225866 240086 268274 252017 240417 265290 241847 228165 269330 244428 232041 239954 236487 255686 239780 271474 245919 243107 256493 228553 234546 243484 234015 236990 220687 256948 262632 232600 242812 221475 238029 233090 249664 227334 238670 236382 240505 242932 215533 233912 224170 257229 262654 250203 236678 250406 232371 248598 237298 19718721 
237657 252523 237913 270141 256459 248589 271991 258633 266019 249353 230507 261513 270950 217254 253729 287251 268837 273442 264783 234838 244716 270342 257329 266240 232259 265227 267421 276228 286657 237038 245330 260960 248084 237882 270772 255551 266937 293085 271233 290371 266837 268568 253525 257812 260360 231839 244822 265851 261768 262071 247619 262913 265695 268553 296258 298974 256360 264571 266751 250961 262070 263742 268632 269270 245793 294712 259378 265617 265327 231023 227129 278479 281720 256679 238560 280915 272776 245309 262347 241527 257080 239153 285500 250189 246697 268835 275825 265856 231517 256628 243438 280901 257937 273275 272490 273488 268427 260719 252115 21308204 
235501 250511 250954 267146 276444 221906 261870 247656 276260 239198 239216 266215 258361 227783 263018 293667 271594 289741 264893 247573 244684 258208 268649 271035 237922 267733 271444 284590 280941 230750 252761 268027 246200 230601 272579 246026 271999 280396 269017 296478 268207 270694 235866 270684 263486 239404 247271 266310 277803 265792 243946 264310 280753 287830 281048 297546 277613 267173 279007 274398 256319 259852 245486 262770 242424 289028 270403 273602 264369 235123 242253 269305 289445 264928 247482 282449 274376 234253 267072 246162 253435 252353 270794 258026 254758 259214 268808 242184 225611 255398 238764 270187 280075 277360 261603 292737 279926 259041 266309 22947599 
226731 224974 213196 254646 257725 208119 254759 231548 236321 239561 221220 251894 239420 187104 232501 251696 240838 258169 241569 228172 241361 274523 245624 247697 223509 252790 250318 244187 261601 205965 227932 231084 223844 227587 244029 208137 228692 255581 259377 250967 238167 234997 222744 248377 234361 221507 223938 238083 251471 236740 242056 234368 267726 267776 250314 272681 238407 256157 250650 230562 230254 236505 245304 230894 248118 269113 239434 239770 247970 220583 222658 256084 262789 231286 220452 249972 262477 221758 250004 222184 246074 234321 253571 220986 229257 230602 241327 239200 226959 224255 229985 251847 266449 248447 259956 264798 247292 232007 237305 24636951 
219850 231811 232401 251382 241479 212431 235564 238846 254121 218747 201511 225934 252001 181311 254230 252791 262383 257707 243668 229743 242672 255927 237286 230596 238285 260344 248619 255587 251913 217866 244354 254522 229876 221487 270442 234316 231217 259826 239309 275566 240659 228658 229243 225446 251685 206984 249373 239212 253596 252799 226212 257464 258709 260534 259181 266025 256349 253510 253639 245904 232403 250667 249271 237965 241321 260463 234410 240840 250807 210355 215254 255615 265215 229573 219626 254062 266662 224529 238423 224950 232703 220671 238772 243544 222842 244670 245804 241466 216849 237929 222306 248036 252700 260519 241645 263335 260644 229521 229477 26277410 
238835 248285 237984 264494 258429 239716 255221 246412 268821 246731 224594 245871 266376 200519 245834 262993 285740 283490 252514 247425 254134 286160 249396 266699 245148 264468 277050 272698 275332 235562 240746 260846 248375 239050 291330 260365 248240 268085 271169 277620 262399 255443 252877 256721 265287 247550 272536 274395 276454 266567 249788 263897 281709 256342 282018 262824 258627 267724 275617 264700 265958 256525 262003 259207 246322 292957 262034 259927 261033 257001 244555 259825 281393 248349 239568 262642 283390 260825 250693 243822 262543 266093 253575 242262 247057 275857 260899 272317 242515 263841 259843 254883 277591 276540 294217 267690 259269 254599 247827 27871598 
222032 233930 230087 245452 253691 220654 236952 245664 244715 231532 221854 241965 240695 205918 221771 264080 243720 266482 245849 232884 230324 258660 227297 253938 210055 267127 250379 243127 261019 212882 234615 237704 241484 218055 246233 224696 229699 264615 272778 247801 228796 243415 226660 231953 247113 219726 247885 241738 246567 233160 232091 242782 259868 252926 255156 270906 236927 249616 254703 240650 248370 233283 239813 240467 229762 281111 238373 253613 251894 214932 231572 260673 247747 249340 213877 245264 266626 223789 258659 217465 229817 230547 254105 225964 237756 228786 236885 240418 225570 233748 211235 262456 248015 235180 249420 253641 235771 232712 222587 29546589 
248180 265061 261396 281696 273919 259924 261025 249997 285527 265588 252317 247630 281081 221910 263570 288653 300849 285539 278307 258576 264803 291911 267151 279429 257548 293652 284149 268511 277961 254524 260659 274409 274391 264737 286835 264358 266712 295767 297677 288452 279403 284013 280687 271376 279391 258271 280640 267303 288965 261249 279765 275361 307294 302153 289658 299052 269731 299115 295928 270070 256840 294043 285331 270198 282416 310889 279182 297172 291378 254698 264751 273832 291848 277206 273070 281274 289311 253250 275611 251441 268762 259905 294088 261313 277504 279973 290376 280618 239014 282346 261324 287411 285616 297501 294973 295682 277533 268915 265813 31159353 
245070 243740 258660 264112 254823 244991 253138 244851 271080 242855 242788 236329 245067 206512 230232 272153 268699 262839 268446 252859 250618 282053 257679 266681 209976 259710 260996 261241 272091 230434 245712 252459 262622 256815 254944 252804 244232 273895 271156 268535 257584 264607 251075 257512 262304 242417 256143 258710 273963 254800 254180 265861 275414 288590 275846 283390 252543 261237 249598 266645 269022 268061 257820 247759 242782 288227 268349 255827 270679 243857 234447 265531 277480 243753 239569 269760 277415 243021 255488 228400 262174 272661 276914 245651 252744 255243 258385 249440 216515 257813 238460 272501 271387 262213 267927 263924 266695 266766 267135 32785230 
222288 247317 224642 242611 254038 228479 221664 239695 256641 229754 214641 232323 245035 202142 217307 264773 256482 273493 229755 237433 224373 259499 239913 243771 242367 255546 259108 253164 268408 210698 248239 224477 235507 227922 254804 237900 232169 260394 260269 261189 240957 249425 247887 233601 244344 235386 245798 225036 257074 246874 242939 243691 268815 257481 255476 261515 230787 249737 255999 236895 240789 242670 251747 238888 244608 267744 236083 252290 264646 233157 223956 244760 268574 240919 253486 263478 272215 231128 245153 206703 226639 241331 246943 231306 232945 245834 247018 240923 235278 245303 227984 250856 270921 255894 267751 247042 253072 236742 222371 34469521 
213970 230081 223781 241830 254008 236592 240486 213899 265121 231752 219830 232102 254854 206802 224485 268150 258911 270067 238268 220501 228694 262947 239119 253280 219507 260840 240352 251486 253566 228240 237249 240420 234378 218854 249806 242194 226204 254453 252548 262914 243437 243052 234605 230634 252354 217135 241941 245775 254022 244738 237089 236424 273285 274064 268427 266212 242418 264874 247382 247847 234892 254586 243599 249106 238805 262158 243688 250730 261112 241256 237996 236955 253307 249279 238786 244738 262098 219870 258216 228269 235618 235951 252831 228067 233818 241492 238763 249527 212232 245820 226332 249136 254855 258547 266795 266399 241882 251529 246282 36096432 
252942 248305 254425 252734 295341 253128 274785 254980 275562 253947 253383 267039 272536 219082 266901 289282 271733 292320 285463 262070 271342 301197 282394 278701 243377 297160 283770 274203 293373 237390 255124 262201 269709 257647 274449 279735 264393 277221 285920 277898 274767 265109 266994 284443 266730 233391 268865 284473 273905 268850 250599 268787 319030 281399 290759 296602 266410 264631 285011 266445 270843 259979 272782 251097 269759 302111 283637 279625 282298 252731 254606 271969 282513 270101 263078 271506 298370 243045 273445 255557 274086 258879 290664 257798 247943 277002 245018 261360 246843 282432 250719 276519 294677 299997 293118 285847 282536 269729 280655 37694084 
232662 249097 250226 250622 271163 222962 254574 258210 257118 229289 229425 256189 258717 219092 239975 271558 275936 273396 261015 240473 266753 263441 257157 258819 239070 268704 281035 271008 278216 231029 260776 261281 259579 233298 276385 245304 251384 271171 282690 276218 260056 263364 256203 274693 256495 242189 267666 266775 274706 257238 246873 250816 276341 281168 279894 293110 258121 276068 288158 259752 254121 269509 269306 257060 266089 291619 270224 264835 255190 229395 248051 264078 277176 259409 229779 268268 277321 241724 265056 234666 269000 256076 268263 248333 265020 263017 258347 258684 238504 256218 236506 270889 281804 290237 262403 266209 260294 246719 250940 39327693 
211520 238094 231663 235522 247816 222850 238454 225503 257551 218550 215382 231919 247207 221706 241249 255393 256728 251037 231971 213889 242923 237693 231551 235163 210154 260469 243762 253414 252947 206838 226004 251612 240858 215717 246155 244785 225688 264533 265112 263352 235308 253856 228942 247861 240963 222625 235436 247922 262472 251140 227972 235868 262667 268100 249709 268247 235915 248346 247004 243945 241508 226880 228768 238527 237536 265573 261659 253309 246037 224958 242237 250965 236763 245211 227082 237517 252838 224543 257739 222881 242314 230710 273375 241218 225647 236093 243000 238913 214434 237945 222011 260221 245967 260135 242187 243411 236803 243632 233222 41000500 
230752 242652 259320 262040 265546 262621 247494 251206 266664 249754 247363 249602 274653 223554 268291 270384 288992 278251 266103 250774 268534 271178 257573 270920 236298 276650 272421 282143 274323 244072 251471 269265 251369 247376 279029 267728 256644 280464 272562 291552 264746 279898 258592 268680 264979 241426 249194 256674 281818 253021 247356 273322 292521 277889 292438 277170 254667 274368 273039 265413 261898 265565 257123 253119 265484 308250 274522 278106 272595 238791 246421 271307 271479 272148 246352 262419 285119 236974 276304 234635 263466 266269 269404 244444 249983 262271 271978 275814 223469 256372 252847 275089 293289 291671 260927 275233 272761 257916 266990 42602574 
214466 230835 245553 246957 254979 226380 234968 236839 253943 231980 209598 242313 253230 212406 229293 254516 253279 261664 237287 233193 234164 255893 239944 255148 223878 250594 264449 257707 252325 192891 229210 243293 235361 227270 251629 244344 257693 245727 259415 256766 230992 228845 243304 244208 252668 224858 256824 236509 261566 245192 220064 248026 262586 267601 258039 258153 256219 251599 276597 241171 240864 241798 263809 239129 240752 278525 238091 253832 252728 230646 228524 250178 264530 230603 233873 250610 268192 239837 243114 227816 227245 238620 263805 248242 239635 257461 244086 247110 235661 244588 223703 253587 244809 271804 256213 273384 251469 240995 227300 44238114 
231367 229443 231127 262420 269822 249254 251647 243860 258420 242462 227652 224585 256344 202994 249507 273269 259175 260071 237288 228070 236891 259083 244875 255057 236485 272855 258989 255266 260900 222114 241284 250610 251827 234241 253580 233654 236450 259957 255666 268765 251270 240920 249008 248214 254735 236921 245723 256295 272658 237540 245024 239183 279064 262348 271910 263636 254423 273271 260496 232325 231660 249716 254193 249190 240125 280520 246485 251769 249473 228852 235264 256464 260604 241678 240180 271080 259992 241828 255612 226621 250397 248328 247972 244346 239631 255190 253869 248928 225494 252791 238930 256702 255549 256435 252817 274008 252365 228507 237186 45883511 
249193 246778 270510 277767 283797 262075 264846 256266 282447 263393 271797 265794 277485 229539 269780 299030 287133 296598 282829 259895 283922 298910 284781 287805 262904 310027 291602 291000 299568 242668 260054 285895 266843 250776 290821 266726 266755 298434 293024 305090 284199 287466 273324 281666 269735 269468 284328 270856 293986 272567 280410 280862 304156 303699 304199 291862 277009 277063 287744 274209 283960 271610 291509 282035 287613 332215 296228 279686 275146 254983 246627 288285 294693 265158 260685 286277 296094 255817 264358 251798 276758 281863 292853 270232 272435 276652 296404 281073 249032 290453 268152 286929 298812 298499 287911 285513 286786 267226 266292 47545603 
240484 250052 252189 278987 279478 245853 268297 262021 267565 246448 235300 258035 263662 209039 240939 277745 284291 292244 278661 252548 254623 297226 267703 264338 212810 267383 270069 281540 278284 231596 269717 261482 260403 238051 282128 266074 246743 275507 284771 277297 260200 263082 267135 276013 274488 223091 264341 277910 276474 253857 263843 278935 283395 271276 277972 287257 277279 267464 282115 275166 268987 263871 285767 254589 277082 284795 264676 274218 285032 240012 243916 268385 280582 253593 252335 271055 279923 244783 280637 258337 267331 252595 295353 236747 265160 259196 252587 247854 257087 257955 249827 285710 274462 275365 285969 286482 267286 249159 256899 49155230 
231592 225168 255389 247767 250097 220603 246384 246069 252415 221186 221215 226143 243259 192540 221528 268956 258790 278890 254425 231689 233512 272661 238622 244603 216798 242201 268083 264253 270111 210120 240174 236758 246606 223204 268347 246075 230796 271137 263421 266716 239025 242929 237118 246160 232496 238001 251472 259890 259991 238968 242460 241932 265877 272347 268869 268803 247769 259729 264366 252060 256994 257183 258557 222582 238364 284860 266263 256094 254400 228351 245725 239909 254204 242106 215502 260555 262676 246770 261644 217913 239390 235077 263457 232908 240894 253964 243701 248352 212725 238950 234425 246970 249071 257657 274435 255228 248164 253697 227207 50836577 
234057 238095 250874 281218 274278 238718 262874 249827 267403 243112 247155 241724 270835 222906 249921 273569 273408 282673 252424 264663 256268 266813 252370 262051 223556 258794 276471 275374 257306 236281 255269 260639 251004 233230 272107 245801 248899 274798 275689 292450 265541 267578 251669 268194 260764 230101 258558 246719 295306 268971 246044 251898 294001 289172 279004 280668 265579 272173 276503 278528 256020 267078 263052 262169 247862 291786 270497 259211 263325 241984 266419 268362 258249 245874 239877 265072 285670 248124 271999 237337 260514 255920 273607 239857 247724 250690 269609 270221 237221 269014 258001 272189 275163 274513 269405 277969 276036 254189 246485 52445674 
253640 259674 269891 285597 269861 249953 260676 256133 275494 252707 256992 255186 271167 204418 249340 282900 284866 295363 281515 252241 268864 291694 275247 272698 245181 285972 281681 290563 274171 239041 265586 274453 240523 245409 293353 269552 259288 281275 286939 297799 257310 251003 276729 268893 265129 238405 278597 263436 274189 265275 269705 273887 298682 292385 287063 276159 263866 273627 299841 269037 278059 268803 279380 259483 273772 310463 277666 275629 276488 254527 247968 271419 297517 258338 260287 276956 285436 241234 276430 242992 274267 250882 268644 261128 259191 272928 261683 268243 237315 258831 245811 284710 285916 289735 288168 288495 272221 269662 261487 54100355 
245355 239174 241004 254697 246122 253364 258965 230494 267377 235555 235488 244247 263733 212463 244820 273977 272444 280445 263692 236761 235504 275417 249027 277137 233137 281024 259978 260755 265337 240226 230019 241541 261636 245125 271191 236108 250758 282019 270058 275731 260804 273379 248432 254327 246682 244414 265870 249595 279821 245061 262591 256300 276101 273516 274927 275787 222842 273552 273142 263152 251410 270566 267522 250912 237254 294269 264195 284263 260029 234162 219362 264904 260949 261707 229473 268715 270864 242119 253637 225887 256374 241800 252383 235439 239433 246436 272423 269552 219861 248650 261926 269127 276522 265680 267661 264046 269433 243236 249329 55712759 
232401 235214 233273 248772 259637 222780 230641 215204 253006 225121 227331 230845 260409 201527 249927 267264 257104 269876 246510 230233 230067 263219 237149 251924 215712 241116 246594 249936 254779 243075 219808 245582 221739 230025 264371 219922 236733 261875 241455 261146 240054 229840 236777 244042 253474 208110 252199 233484 251583 248992 229699 242425 272775 276153 249905 260473 234095 251392 247002 260925 245159 251271 243912 229296 236438 254995 246041 245666 248062 242863 239121 238535 261103 232392 224917 259324 258612 223811 241190 217911 243827 235173 243591 236921 241612 235839 245222 232174 220834 230691 223495 253988 254431 249110 267180 262269 264954 240251 250246 57397447 
210007 206239 224863 228297 236556 208701 215798 214284 230812 209646 220706 218844 214226 190118 216782 249261 239090 250996 228049 215097 214136 228511 215320 230276 206381 262305 234122 237420 245499 201535 215101 227603 219262 200298 229159 221774 216211 239139 240913 245154 227317 224436 231323 239247 234689 204066 214408 220681 236999 227426 224005 240223 243327 235410 252143 232603 234217 220483 234681 214149 226016 224984 237120 223324 226239 257677 237666 225818 234217 211024 213073 216019 246340 225289 222505 231807 216193 205697 228310 205706 237375 229424 231861 210476 211706 228176 243206 214597 207153 233845 212722 247028 256657 221441 235684 251860 239434 225132 224075 59021406 
236209 233415 257434 271517 272913 253442 255264 242441 264804 249019 235893 242274 270571 198387 255803 258649 269551 265043 252185 248830 260696 288982 233649 265901 238616 267080 273867 255258 281319 239857 248262 263079 253950 245297 274633 245578 239797 282432 277378 263069 258694 264743 265958 257778 269005 241412 272009 262116 288788 252076 248502 267840 291859 273308 281827 271998 245165 263186 262762 264500 257117 265866 259737 264221 284348 293101 278080 262109 265224 251306 241475 255514 273118 254894 244525 276059 274239 245779 253135 232103 277657 273480 259253 244552 260657 255575 266744 259382 239265 261520 246653 269127 281939 274551 261961 272999 261347 259647 259464 60640685 
234070 245974 259276 272904 278794 251791 269715 246646 257895 243848 239420 259754 267233 209317 249820 274226 268055 282616 281385 263389 259153 285679 272885 258957 236849 286503 270246 263411 292107 242752 266977 263376 246422 242232 285295 243531 240710 288299 281563 282357 279352 254399 263784 268043 261167 230605 271959 247110 287871 262662 262794 259289 301438 293208 275562 281730 261587 276049 282256 272004 270530 276620 277642 251973 279403 285912 266111 265353 274814 244247 260862 260285 282329 244947 257974 280340 284837 233728 257150 237435 262902 249097 273610 237980 260487 264347 266125 255436 239904 265364 252293 283904 282762 290704 289662 289904 278082 266334 267187 62275908 
225602 219506 233228 244785 244323 228328 259712 242322 260199 218507 215498 234739 242754 196973 238776 237886 251858 260115 258098 238270 230015 262018 233076 243409 221023 259007 253936 239785 261433 225087 236741 243542 247698 232350 247425 232463 251183 266037 267739 259620 234544 250335 242674 238329 250580 220343 241375 244211 265400 237908 229491 260547 260558 244960 262349 262107 249423 245804 249779 246100 247873 253143 272552 231191 239026 282590 244069 243065 259705 222987 209763 233414 259371 237406 232258 260444 259888 232411 243671 233952 259823 242944 268676 231053 221368 258396 248989 218736 225993 249425 221608 256661 263104 255673 255975 278434 253103 241031 233080 63954383 
260837 244957 294711 287685 296925 272590 262958 248029 283184 269644 251039 256279 286418 217288 267797 296969 295949 292947 266923 266471 251086 285046 265727 281215 236555 284133 292219 286879 288972 259534 244349 275595 251156 252794 290120 277888 255568 287302 291507 294466 275783 269800 270731 279660 278811 241251 277324 269630 287992 272913 251191 266454 300513 298300 299343 274931 273362 283156 299757 279078 287806 274042 297900 260762 289285 299130 276486 274232 280595 267054 270421 286189 284219 252439 246186 293033 294138 266224 268807 245630 269140 264290 284931 263544 259063 261349 276346 277419 253007 262164 270589 288010 288232 298994 283094 295209 283008 270298 265729 65558042 
243166 256111 249753 257916 251646 244907 257083 256053 280403 239975 239658 247237 265330 210328 275726 303418 278378 273336 262273 267143 261518 284719 266537 253576 238807 276357 266577 280625 281680 226645 252295 267837 254562 271657 273587 246002 238114 287592 272126 291133 282858 262054 254276 261021 266132 236037 263521 249887 277416 260821 256217 279855 292713 281587 281933 270641 263025 273941 283744 262861 266492 275696 280769 245659 265749 294141 273863 258020 290224 239475 243721 264639 274133 259151 252449 278284 289932 235691 253454 229278 264316 245454 281948 256353 249861 269408 270077 256169 243544 261324 248683 275655 283161 283208 289415 272322 278269 239705 258777 36056610 
237931 238221 247828 262057 269244 241958 261318 250544 267942 234129 235354 253976 257696 201536 249495 255147 260606 270570 263283 252578 268191 278686 241463 254705 245279 275211 275282 267300 266870 232303 257415 253151 245305 244666 281321 254144 240205 258225 272844 277105 243532 251091 265281 261968 259841 242494 257373 251169 278709 258486 244351 266313 271161 278648 279505 273923 266666 266182 278070 239211 248533 258928 259862 256330 250317 291179 273297 234614 257421 243977 249670 262074 278571 248444 236436 246110 272540 241797 259547 248896 269549 268246 269851 230299 244814 243130 254835 249274 248915 256965 244510 255530 290818 269983 250385 283004 271462 266092 243219 37695246 
256328 258450 271610 267939 279906 276339 270675 259775 293920 250251 248813 261939 277761 218759 248482 285289 302171 299202 269098 267685 268807 293363 275406 281813 255803 296390 300176 287265 295242 263960 263445 282731 270586 250058 299564 268592 261309 292330 277236 294391 267180 273211 278467 284760 281055 251268 289376 275191 299259 277401 246630 275272 304906 280699 301586 282145 258485 285462 280214 283137 272353 283124 292328 258238 266102 317302 281834 278894 279211 263562 251336 275309 284000 268262 246306 277469 303279 268866 286304 245431 279515 268938 276597 247259 266392 271964 272074 270017 263227 279492 266450 292215 303161 295958 291553 302904 287091 270812 267457 39343841 
250629 249403 243047 280854 263705 243948 257078 259898 275818 245891 251735 266982 274558 222640 261400 280014 282358 282086 270598 255144 257872 276969 242295 268897 250956 281465 271127 281942 268855 243175 249451 270607 265443 252106 274862 253644 256908 286721 301698 286835 258606 261332 253376 265842 269610 233812 269770 273821 286628 275493 270086 254419 281810 286669 277646 289843 264337 272118 283723 265895 251627 267200 261011 268541 264348 292842 280110 271819 269407 261001 254799 282738 283753 267525 248347 267992 292162 255473 274526 243361 274518 251779 271041 266118 249355 255890 271586 276815 240884 259591 253855 276110 296662 269941 264235 276662 273009 270499 263995 40979993 
258774 256976 266863 289969 295659 263993 277732 257463 291030 259251 258675 268586 268059 224317 258923 290715 290652 286668 268837 266616 273400 294002 268455 287230 242983 287504 288922 296201 306710 245984 270964 255296 273507 266976 294910 268736 260114 293638 281908 293940 263433 282251 283876 282766 281726 255545 273977 278722 302873 270151 270008 279287 293740 305117 302000 295666 281278 296120 299259 275564 273369 273339 298499 274921 298959 308925 289548 280512 290802 272343 264054 269336 303433 269309 279397 281823 295867 248451 280976 263787 285849 273815 295760 258576 280160 272268 279831 271387 259452 264636 249541 287978 301167 301812 289092 306578 309141 279198 273361 42632122 
242636 264183 266630 280558 281936 252116 266697 250830 282292 240713 264331 247418 272695 223500 253598 286071 278270 302113 288176 243689 256118 300677 260290 279153 245038 286515 284047 279288 300063 258416 271491 270563 256084 235647 280272 261874 277863 292373 271286 293585 272934 272879 287318 262896 287132 233903 264875 280374 281235 253751 254424 267624 290377 291318 293118 292500 251059 283789 282814 278031 279982 285659 284317 266822 269692 320494 271859 287518 272801 246383 240408 279025 289820 273351 243047 283265 295871 232905 284151 245420 262063 261265 283330 250387 261232 277281 287769 258799 230754 279494 251879 280122 271185 291547 277270 286454 271556 275283 269013 44252339 
246255 221523 251560 270398 251428 249055 261160 258258 258590 241990 223612 245074 272892 204187 253622 277560 267242 281530 274801 268163 256464 281128 248980 247267 238314 269837 268130 266454 279959 234265 242518 262748 254178 257791 278029 253411 259142 291334 279027 274300 260780 248768 236144 270723 260103 238268 263403 248011 267729 261055 255752 266697 297932 271914 277056 287890 240004 259081 267611 276276 250243 271670 279590 245275 257976 302450 261161 266800 279530 252855 247724 258519 283661 251671 243308 276219 276402 237590 263816 240616 266090 247471 272750 239379 247480 254558 255486 257369 248659 270868 250691 272094 284276 272487 276731 274195 271358 254063 255598 45876591 
254049 258140 262600 271724 277445 249454 276948 267293 296558 244085 257154 265185 283926 221085 247173 308518 289930 291041 263928 258102 249077 283896 267125 281877 234520 271071 271545 286911 284322 241057 271156 272033 275131 240330 281834 264545 261173 287613 291963 310441 286726 282380 261695 272183 276267 249571 270262 279338 292930 266563 277648 294374 299416 303535 299535 302292 275305 290820 295070 288347 265410 273104 291496 276808 288896 297430 283642 273985 287598 254774 260593 288599 287386 272998 265549 295982 304409 250478 279320 247802 273623 267622 285351 255710 271740 263442 283124 279877 251628 272343 264418 285570 295495 282287 286823 299399 291860 261772 260738 47549942 
261863 258255 256214 291966 288825 254330 274915 284532 294680 274006 262427 281211 283912 219489 277533 308529 292285 311038 280166 263314 269089 285508 283995 284220 265970 296631 286973 283373 311552 251901 267481 297914 275090 260006 290333 288281 273959 285056 307008 312539 288605 280061 276985 284414 277058 267536 276549 302692 299324 291564 292214 295193 321965 306142 313306 314620 292550 301954 301668 282456 278548 269999 291980 278538 282309 332242 301323 297710 286215 274936 257151 288311 312838 282881 264237 300763 295391 261444 287340 263018 294205 273866 293170 266148 272345 288042 266126 274670 253867 283250 273296 294512 302936 293649 296580 312862 292310 276008 290624 49175996 
241271 229502 259229 254761 264187 238145 259357 235301 264238 235023 224564 250529 251649 216199 235652 268049 267671 272870 246844 252156 241314 276207 248740 260126 231048 274006 261317 256260 270524 221191 249814 241869 252050 242107 259968 243466 245199 267104 272450 272502 241253 254527 252773 251688 256119 220262 258862 236558 272304 253232 237596 259766 259280 268266 273059 273572 251304 252450 258979 251269 251238 252326 271047 250442 259125 271354 261031 242858 273599 230060 235723 253956 265829 234483 240227 264649 270034 240773 258723 242098 262593 250590 273796 244269 240075 244461 264537 236703 240203 252461 223512 263746 271612 262919 261682 270595 264497 242121 241252 50854271 
236340 223623 238880 230131 248159 234554 234614 226607 248034 223651 232772 231468 252996 202510 226802 256531 256145 268109 242939 226333 236693 274764 232827 263802 226448 267067 249621 249239 266552 231990 232314 249523 254262 216888 242725 253040 224446 264118 245018 265213 242530 246052 228814 242096 255380 219642 243059 248461 255816 245975 234530 230175 277308 260103 271478 272690 226022 258548 253759 249190 250335 232472 244733 243376 247040 280591 254312 249081 251128 231791 230909 253851 252580 230614 225164 248562 265543 232568 248653 226113 258781 240465 253762 232015 216988 234561 241483 251709 219734 242518 227327 238329 274332 242570 254291 254181 253140 242516 248698 52475649 
212105 221031 228421 261938 247819 217011 242441 212707 249349 219682 235336 221953 243564 192924 225173 245746 257092 246270 233705 224132 225598 253540 235533 247117 218846 235925 241477 245642 251531 218677 223507 234421 220568 218942 246854 230444 220325 257186 250359 259992 238806 249469 240058 234314 247787 219238 237613 241806 258012 233863 237050 244954 257042 267049 244871 261272 244661 251137 254363 247169 229227 242483 238405 231017 248641 256145 232687 233309 250582 223870 221127 258125 258607 228604 214570 248552 273948 224626 233689 221270 221354 233469 251178 215122 234980 239285 248753 234126 217045 229819 230933 253979 260057 251823 247213 254613 240713 231023 234731 54071437 
247979 241724 259348 268648 259632 255760 258789 248836 271096 254339 232533 284885 265114 222700 254826 287021 280128 286465 262470 240156 254256 282729 276370 269796 237727 265242 285299 274588 269981 243106 253258 274904 253613 245549 291273 253165 250300 290122 285967 283599 267086 279398 255160 279847 263839 239834 264003 264020 266367 270494 264917 280655 306526 269426 291034 264762 272964 289492 284174 269552 262256 261401 274144 255259 270232 302104 276774 270960 284907 260638 238797 269040 280128 252433 260887 284817 281834 245982 267697 250846 266648 246648 273717 248629 254960 272798 271181 253872 250216 260018 241527 279571 281507 276359 279060 297348 282548 249796 246873 55732384 
215634 216332 209725 252907 254682 216848 248251 229757 257374 224603 213679 234421 239330 199642 219764 258600 251274 241116 233685 221294 234044 236093 239588 240452 200718 243868 244261 250290 255463 203186 225530 229300 225200 222147 236353 232343 225735 254881 250235 249883 244915 247501 233451 246234 246179 202891 227836 254605 244373 234898 231011 240428 254613 261845 246613 259860 240324 235299 235857 241777 229683 238743 246048 234435 243377 269520 233554 231239 243469 217913 238589 242548 245806 229922 218938 249259 256146 212455 251607 217014 242247 227183 251735 226744 242078 237309 245513 224249 220533 230588 214737 254813 237350 247643 241552 251865 243117 214834 241359 57399218 
224140 218571 238940 214352 228060 220117 219515 216833 230573 226391 210022 223954 235592 190094 212379 251997 229556 236909 234495 226002 213741 254360 227183 235360 212007 243173 221091 229360 237965 201691 233532 228709 233639 206993 237266 232053 219362 247998 253552 259747 226677 236538 232864 224701 218672 221960 236449 223945 236622 226429 240165 242390 252224 252576 251600 253142 217126 241413 242112 227273 239590 227249 230573 226210 231077 264117 249540 234095 237266 202907 206275 237198 256931 232149 227551 254025 243163 217830 214680 202588 236743 211145 244684 228953 227142 221512 245253 234512 202333 225006 204842 230770 237500 241686 257202 240437 234755 230684 215267 59037175 
212869 222057 233617 231386 239180 225206 227338 228169 243837 219120 217405 233484 235531 192311 222960 253503 248208 250305 232484 235451 236105 253722 221713 231153 211033 253342 248509 257325 245875 231685 233610 233557 245988 229567 245206 224917 224615 268497 265839 240816 225868 244762 233253 231550 241395 207329 225883 236808 240254 227780 233236 239779 269443 257478 265934 252287 236524 253026 241725 237386 220737 238602 235108 211740 222748 266407 240391 232775 244832 222629 232764 228030 257997 252242 226846 244581 259205 217288 247474 214120 244957 229509 255773 229902 222640 219401 236070 233058 205976 236222 218737 249574 259645 234046 250836 249385 241885 249304 229324 60667056 
211121 201809 235276 245550 225137 217393 221510 228723 228310 226203 205792 218364 237095 185416 216619 235306 233447 231475 214553 220931 210728 252305 217999 234129 202899 216776 235654 238226 212209 186159 218381 220885 226518 212018 248749 228344 236988 233728 240713 245578 216484 215018 223603 249421 241079 200429 231403 221017 251831 219425 204204 244642 240750 242041 231332 225335 238796 216330 250757 232831 226563 230565 242360 234078 228363 249392 220637 232221 243437 211026 204225 233434 250698 207007 214503 234278 250896 228675 227366 213749 222278 227632 225773 219706 210763 226069 234656 241768 222727 237334 210642 236131 243684 247081 233250 238431 226512 227819 203981 62319770 
227303 210656 239055 252495 236653 226214 244242 252639 254244 215126 229688 239742 251579 186370 246630 259426 252454 271894 245084 245110 244291 260277 235782 258777 222255 266163 255570 242539 264587 215575 235056 242132 239390 225411 248376 248864 232680 252079 252813 266399 245945 244638 243724 242923 251579 222592 236184 243250 260298 250177 239440 250430 264775 239038 264474 258959 240515 259325 257292 245605 249344 235504 251665 237308 259192 277494 257585 245441 260765 229112 211231 241989 256580 222748 229749 245198 270459 220753 251797 228275 241611 231779 252785 242070 222972 241010 253288 237118 230548 235654 228510 243980 269990 258488 244252 265265 268601 240069 249346 63954236 
230148 235083 240190 251111 247078 227845 246861 241100 259344 220899 217501 245261 259255 200023 238604 264352 241317 268299 244327 242651 236874 261521 249621 261031 237860 268903 259144 248732 265191 214013 235928 255983 231563 232806 258727 248839 247771 267123 262590 286789 261641 248894 231009 250303 242472 214860 244423 246358 258796 271229 241063 255332 294735 262189 256149 248479 233394 263190 250390 259391 252782 229611 237063 242201 234819 279281 255731 252946 253147 228834 224151 259061 275667 237024 229683 265993 278633 213024 247446 232430 250396 235675 245652 238573 235542 248922 245884 231340 227460 257450 234396 244249 262034 265845 260274 270319 254778 247491 255556 65544626 
216201 229570 224973 240284 246426 220014 230784 234784 234696 223536 216525 243523 253361 197871 230416 253585 242544 249809 243302 223569 227773 236985 241712 236445 207776 242003 232387 241671 251003 214331 224940 236604 222901 225351 263151 246147 236690 239244 264424 267304 242516 229631 234279 247051 217419 206501 232640 247472 241637 251611 229707 264089 259133 242812 248441 250654 250096 228880 263413 231432 232222 232623 248115 230693 239200 258546 246632 238875 251550 221443 218165 242455 244893 227633 221323 251291 247733 225468 229643 235846 250998 226482 249963 232961 238627 243465 232236 235015 222073 233354 217387 251448 250060 264886 240520 256910 246180 240480 245675 67223534 
266844 262808 254434 288370 260176 258783 262691 274163 252746 259335 240898 255333 271004 211720 250567 281795 267058 281517 279378 247698 263527 277045 258508 258576 232900 276680 280869 287261 291316 225914 258797 268087 260546 251187 279922 264134 253597 294378 292030 274506 261592 273185 256313 267528 249648 250986 251396 274359 282148 275286 268020 268097 280870 280700 281473 291734 251384 266736 280290 241195 273458 276392 280937 263770 277847 320261 276292 269850 271520 237099 252764 277135 284652 246583 259240 265926 261336 254335 271730 241924 280436 259324 282809 241874 255530 273602 268620 269851 248030 260355 240886 283842 287415 276990 278248 277369 264457 261613 255535 68832310 
278689 276813 298221 296931 290063 270547 286470 284952 294391 269500 272999 280454 308036 241576 285655 316996 307474 319428 282697 282883 266970 308676 297909 311694 256632 291023 307332 299513 302664 269331 278448 302101 290239 272936 315009 299051 292867 312943 322059 328269 296036 297733 300830 306740 299142 269126 310466 297143 319108 296048 280672 298937 327193 315319 325013 316085 293107 297306 315688 313054 293351 306678 304776 292510 295635 337088 317183 293561 302819 287826 266981 302901 318313 286532 271099 309670 308279 283477 291270 269694 295860 290694 300920 291212 290431 286113 299083 301501 273040 300543 271591 304145 313302 316974 313627 319502 290170 306419 294509 70503020 
229473 242507 227057 234160 247463 227256 232147 239568 257175 224963 219717 229171 243340 205764 238933 263595 244077 252230 234497 227100 236263 258838 230648 246557 203035 257221 241241 238312 256144 218508 242807 241688 241144 230033 253376 224340 234953 256120 258770 267784 244984 247741 233256 244656 239600 211604 254548 232796 265724 252965 234974 242791 277013 268890 253132 265531 236625 249881 237177 264804 227127 248519 251035 248507 222432 268214 255188 246876 246283 231023 225174 239539 258207 255273 224712 254554 248212 214501 240872 232643 258353 241461 247498 240568 240366 238965 246100 239507 228468 239572 214638 261380 256242 253240 249788 242816 239877 242497 243678 72152998 
230475 240464 238938 257585 250736 221233 237222 249093 252833 251330 207708 228933 255588 197755 238819 266882 263147 267714 241829 244514 245096 260874 247667 235658 233711 245191 262416 263413 264907 231010 248822 253412 241421 239418 275841 229994 249563 261125 266052 266220 234392 248473 231815 248773 243279 247940 248518 247345 271218 252669 229810 251059 265086 261187 274615 278401 274678 264347 269941 252495 247397 257132 256829 235391 249244 287977 242324 244961 270915 224816 243850 244029 267375 247684 237625 261378 266461 245232 243067 226072 245073 244821 263019 238240 256184 254063 234851 256576 229555 244441 238044 257202 256630 276450 272324 259394 257359 237847 236252 73729277 
238008 235719 236054 251051 249931 219585 233506 242150 230845 232412 240094 242984 251227 204916 244181 272654 262640 268514 246922 239122 253877 247096 248383 238063 221535 263420 251936 249829 271484 209138 241580 261734 236369 231548 254766 238787 222906 270159 276429 262509 261863 249970 237308 255670 233472 222854 239790 260356 257878 261038 252791 250696 262996 272247 273885 273225 239067 257030 265598 244662 249584 241227 250158 246092 251594 283314 260407 257627 245683 226987 242597 250592 255362 242732 227435 264427 258820 223538 248734 217807 246759 233055 250055 235892 247970 256383 258522 240952 225408 251824 230181 266817 258103 274106 251928 248117 247130 246333 244613 75415020 
232841 231584 235265 256263 253223 223746 247924 221092 270653 228582 222314 233580 252785 208699 235623 267789 268611 266597 234192 231944 242777 267067 254384 254299 223165 260427 254023 252089 252538 244307 222249 253022 242048 225670 252575 237779 240888 259468 266649 263098 252586 255327 242408 253278 261043 226128 248349 254197 258396 246515 227082 242341 280488 264168 257523 268573 235168 267644 242264 260946 257622 252341 251504 253958 232929 276220 238109 254274 259797 238812 233024 270498 264650 249518 224976 251402 280293 225786 263736 222297 232987 251454 256059 242553 233433 242464 238710 240765 220030 262702 239128 260690 258122 259058 262170 258187 241607 244696 247377 77058884 
235496 236020 252134 262875 253616 236710 245910 243124 261031 241464 224455 249876 256227 199409 238408 275327 272602 277889 261011 259835 257307 272448 248466 266972 238221 254804 271439 269534 276147 235442 240846 262704 243207 236825 267195 261894 265624 284383 289448 271664 266499 265504 272778 256958 261776 235672 261942 252058 273915 254449 254136 265955 277362 277604 281162 272601 276152 262710 261541 281017 259222 254457 255898 262608 255069 294656 264436 253592 261086 232225 244296 252114 271794 258013 241571 276370 272317 256849 255443 242204 266403 256312 256706 247859 245386 259884 270858 255914 235642 258460 241749 273589 278590 271734 254841 265152 254109 252822 266573 78698984 
233142 221948 231447 244798 243172 231819 238822 234383 236412 228214 212016 236519 253469 200114 237645 245600 243221 269134 244055 245633 240292 260367 223876 245337 210961 246368 255627 258841 247547 223572 219099 239354 236341 212335 255568 228430 250208 266809 253345 260985 233309 244215 235409 237980 241496 206118 253174 227598 265556 242890 222764 233594 271991 261825 253770 251997 230725 236452 251873 261683 246607 233886 241661 241771 227242 292002 234498 241756 235223 233626 226989 242587 257225 242826 228159 252807 259660 225887 251193 213313 240004 222485 237739 230604 222540 226427 246989 245963 220422 258811 229366 238586 248487 252933 247665 254403 252723 239250 220268 80333271 
220524 219076 238607 244528 253648 227114 237130 227678 237807 217009 217777 239668 236236 200342 221847 259189 256891 265531 240881 241332 227947 262536 228313 241404 217330 248694 261785 258301 263386 215311 242661 235194 246922 210824 240237 238029 225658 257754 248264 258372 236878 238798 236806 242618 244341 208548 235925 236270 265178 240778 226756 244318 252814 262755 260922 249888 252493 251109 262989 240457 247701 233873 255968 239105 241126 273742 244770 234227 248664 217059 242201 233450 253600 231696 229621 250452 263906 230172 241945 221825 229293 224751 251551 226540 224338 231095 263369 241877 229601 248304 219088 247259 257022 250938 247707 273973 252778 243671 220039 81966508 
244705 230992 248359 251246 261641 233699 250293 233623 270816 245923 240756 243372 246618 206732 237101 281987 272738 270426 241172 243687 226094 278674 246799 250077 237123 260066 263529 258053 269951 226021 241489 242243 257153 237377 268194 241088 247941 265882 273203 279244 248227 263304 248759 257309 265005 234762 272125 252666 273431 249721 248784 253033 281714 266532 268861 276532 246427 254937 274661 262132 252017 240036 267618 245642 257077 291805 270496 261342 282206 243034 216518 263511 267832 247413 257713 287690 278808 244797 253880 238251 253680 236856 278423 239348 237017 247427 263922 239095 249468 255005 245452 265041 273202 272856 272333 276841 256532 232230 247453 83568114 
241280 244216 249621 254908 259127 238456 241942 248196 257234 211107 230889 250333 251076 206851 236536 270849 251126 270692 253077 230986 223340 272911 233787 254332 226290 256885 258317 261340 261414 226196 247705 253255 260981 225247 267576 248564 236891 269007 278532 264148 250171 244031 259992 252238 252055 225317 268512 246558 262184 251162 241650 266412 265834 271395 267713 258518 249429 260181 286221 248739 252538 268958 262819 252087 245345 269913 264475 255897 276151 237909 239087 255151 264484 241052 243836 268311 268702 238878 252091 224675 241837 235528 262604 247530 237713 239451 252467 241424 247489 266303 217303 263226 260192 264211 250292 272907 261283 254272 226863 85251195 
239721 245840 238948 260085 274013 230843 255723 251327 253104 226484 248155 245039 262184 214997 243244 273158 268840 278276 244386 251040 239419 281042 252843 262624 237485 259747 282366 262322 271481 237184 250434 251607 256881 229623 263539 241765 245135 272596 257445 278958 255391 277561 251926 272200 262385 234365 248414 272798 293954 249362 237245 248927 282660 280299 276548 287962 255453 276392 275036 258451 261229 248419 256963 251161 243982 286675 258119 252017 255750 247054 240888 255425 261773 256804 235029 261202 287042 233272 273780 234130 237502 261580 256703 234175 235429 242772 250938 248748 225255 247245 237875 244689 280692 270004 271062 277888 261595 257723 250905 425405610 
Runtime: 0.011461
